Flow ID, Source IP, Source Port, Destination IP, Destination Port, Protocol, Timestamp, Flow Duration, Total Fwd Packets, Total Backward Packets,Total Length of Fwd Packets, Total Length of Bwd Packets, Fwd Packet Length Max, Fwd Packet Length Min, Fwd Packet Length Mean, Fwd Packet Length Std,Bwd Packet Length Max, Bwd Packet Length Min, Bwd Packet Length Mean, Bwd Packet Length Std,Flow Bytes/s, Flow Packets/s, Flow IAT Mean, Flow IAT Std, Flow IAT Max, Flow IAT Min,Fwd IAT Total, Fwd IAT Mean, Fwd IAT Std, Fwd IAT Max, Fwd IAT Min,Bwd IAT Total, Bwd IAT Mean, Bwd IAT Std, Bwd IAT Max, Bwd IAT Min,Fwd PSH Flags, Bwd PSH Flags, Fwd URG Flags, Bwd URG Flags, Fwd Header Length, Bwd Header Length,Fwd Packets/s, Bwd Packets/s, Min Packet Length, Max Packet Length, Packet Length Mean, Packet Length Std, Packet Length Variance,FIN Flag Count, SYN Flag Count, RST Flag Count, PSH Flag Count, ACK Flag Count, URG Flag Count, CWE Flag Count, ECE Flag Count, Down/Up Ratio, Average Packet Size, Avg Fwd Segment Size, Avg Bwd Segment Size, Fwd Header Length,Fwd Avg Bytes/Bulk, Fwd Avg Packets/Bulk, Fwd Avg Bulk Rate, Bwd Avg Bytes/Bulk, Bwd Avg Packets/Bulk,Bwd Avg Bulk Rate,Subflow Fwd Packets, Subflow Fwd Bytes, Subflow Bwd Packets, Subflow Bwd Bytes,Init_Win_bytes_forward, Init_Win_bytes_backward, act_data_pkt_fwd, min_seg_size_forward,Active Mean, Active Std, Active Max, Active Min,Idle Mean, Idle Std, Idle Max, Idle Min, Label
172.217.10.46-10.42.0.42-443-48396-6,10.42.0.42,48396,172.217.10.46,443,6,11/08/2017 09:45:07,36495,1,1,23.0,0.0,23.0,23.0,23.0,0.0,0.0,0.0,0.0,0.0,630.2233182627757,54.80202767502398,36495.0,0.0,36495.0,36495.0,0,0,0,0,0,0,0,0,0,0,1,0,0,0,32,32,27.40101383751199,27.40101383751199,0.0,23.0,15.333333333333332,13.279056191361393,176.33333333333334,0,1,0,0,1,0,0,0,1.0,23.0,23.0,0.0,32,0,0,0,0,0,0,1,23,1,0,1419,249,0,32,0,0,0,0,0,0,0,0,BENIGN
172.217.6.202-10.42.0.42-443-57194-6,10.42.0.42,57194,172.217.6.202,443,6,11/08/2017 09:45:07,304,2,0,31.0,0.0,31.0,0.0,15.5,21.920310216782973,0,0,0,0,101973.6842105263,6578.9473684210525,304.0,0.0,304.0,304.0,304.0,304.0,0.0,304.0,304.0,0,0,0,0,0,1,0,0,0,64,0,6578.9473684210525,0.0,0.0,31.0,20.666666666666664,17.8978583448784,320.33333333333337,0,1,0,0,1,0,0,0,0.0,31.0,15.5,0.0,64,0,0,0,0,0,0,2,31,0,0,1420,-1,0,32,0,0,0,0,0,0,0,0,BENIGN
172.217.6.202-10.42.0.42-443-57194-6,172.217.6.202,443,10.42.0.42,57194,6,11/08/2017 09:45:08,231,2,0,0.0,0.0,0.0,0.0,0.0,0.0,0,0,0,0,0.0,8658.008658008657,231.0,0.0,231.0,231.0,231.0,231.0,0.0,231.0,231.0,0,0,0,0,0,0,0,0,0,64,0,8658.008658008657,0.0,0.0,0.0,0.0,0.0,0.0,0,0,0,0,1,0,0,0,0.0,0.0,0.0,0.0,64,0,0,0,0,0,0,2,0,0,0,181,-1,0,32,0,0,0,0,0,0,0,0,BENIGN
172.217.12.138-10.42.0.42-443-57097-6,10.42.0.42,57097,172.217.12.138,443,6,11/08/2017 09:45:09,36497,1,1,0.0,0.0,0.0,0.0,0.0,0.0,0.0,0.0,0.0,0.0,0.0,54.79902457736252,36497.0,0.0,36497.0,36497.0,0,0,0,0,0,0,0,0,0,0,0,0,0,0,32,32,27.39951228868126,27.39951228868126,0.0,0.0,0.0,0.0,0.0,0,0,0,0,1,1,0,0,1.0,0.0,0.0,0.0,32,0,0,0,0,0,0,1,0,1,0,1727,175,0,32,0,0,0,0,0,0,0,0,BENIGN
172.217.12.138-10.42.0.42-443-58302-6,10.42.0.42,58302,172.217.12.138,443,6,11/08/2017 09:45:09,37163,1,1,0.0,0.0,0.0,0.0,0.0,0.0,0.0,0.0,0.0,0.0,0.0,53.816968490164946,37163.0,0.0,37163.0,37163.0,0,0,0,0,0,0,0,0,0,0,0,0,0,0,32,32,26.908484245082473,26.908484245082473,0.0,0.0,0.0,0.0,0.0,0,0,0,0,1,1,0,0,1.0,0.0,0.0,0.0,32,0,0,0,0,0,0,1,0,1,0,1637,181,0,32,0,0,0,0,0,0,0,0,BENIGN
172.217.11.37-10.42.0.42-443-35831-6,10.42.0.42,35831,172.217.11.37,443,6,11/08/2017 09:45:11,36700,1,1,0.0,0.0,0.0,0.0,0.0,0.0,0.0,0.0,0.0,0.0,0.0,54.49591280653951,36700.0,0.0,36700.0,36700.0,0,0,0,0,0,0,0,0,0,0,0,0,0,0,32,32,27.247956403269754,27.247956403269754,0.0,0.0,0.0,0.0,0.0,0,0,0,0,1,1,0,0,1.0,0.0,0.0,0.0,32,0,0,0,0,0,0,1,0,1,0,1837,205,0,32,0,0,0,0,0,0,0,0,BENIGN
172.217.10.46-10.42.0.42-443-54667-6,10.42.0.42,54667,172.217.10.46,443,6,11/08/2017 09:45:13,260381,6,8,1341.0,1709.0,773.0,0.0,223.5,336.95860279862274,1418.0,0.0,213.62500000000003,491.0618051005102,11713.604295244279,53.76736397817046,20029.307692307695,25758.395697275788,76061.0,9.0,166201.0,33240.2,30926.25423002275,79021.0,3121.0,223899.0,31985.571428571428,32427.910565114238,80613.0,9.0,0,0,0,0,200,264,23.043155990644483,30.724207987525975,0.0,1418.0,203.33333333333334,405.3507593371919,164309.23809523808,0,0,0,1,0,0,0,0,1.0,217.85714285714286,223.5,213.625,200,0,0,0,0,0,0,6,1341,8,1709,65535,176,3,32,0,0,0,0,0,0,0,0,BENIGN
10.42.0.42-31.13.80.37-44538-443-6,31.13.80.37,443,10.42.0.42,44538,6,11/08/2017 09:45:13,29,2,0,42.0,0.0,42.0,0.0,21.0,29.698484809834994,0,0,0,0,1448275.8620689656,68965.5172413793,29.0,0.0,29.0,29.0,29.0,29.0,0.0,29.0,29.0,0,0,0,0,0,1,0,0,0,64,0,68965.5172413793,0.0,0.0,42.0,28.0,24.24871130596428,588.0,0,1,0,0,1,0,0,0,0.0,42.0,21.0,0.0,64,0,0,0,0,0,0,2,42,0,0,134,-1,0,32,0,0,0,0,0,0,0,0,BENIGN
10.42.0.42-31.13.80.37-44538-443-6,10.42.0.42,44538,31.13.80.37,443,6,11/08/2017 09:45:13,45683,3,0,42.0,0.0,42.0,0.0,14.0,24.24871130596428,0,0,0,0,919.3792001400958,65.6699428671497,22841.5,29540.799997630395,43730.0,1953.0,45683.0,22841.5,29540.799997630395,43730.0,1953.0,0,0,0,0,0,0,0,0,0,96,0,65.6699428671497,0.0,0.0,42.0,10.5,21.0,441.0,0,0,0,0,1,0,0,0,0.0,14.0,14.0,0.0,96,0,0,0,0,0,0,3,42,0,0,1678,-1,1,32,0,0,0,0,0,0,0,0,BENIGN
206.126.112.141-10.42.0.42-443-49491-6,10.42.0.42,49491,206.126.112.141,443,6,11/08/2017 09:45:13,1043047,170,1250,1226.0,1795004.0,627.0,0.0,7.2117647058823575,62.26201442817576,1448.0,0.0,1436.0031999999992,121.49470095295406,1722098.8124216837,1361.395986949773,735.0577871740659,3002.2073331349684,55442.0,1.0,1043047.0,6171.875739644972,11954.586757807381,65831.0,2.0,977828.0,782.8887109687752,4004.5251736768073,62905.0,1.0,0,0,0,0,5448,40008,162.98402660666298,1198.41196034311,0.0,1448.0,1264.060520760026,479.2809173575644,229710.1977431085,0,0,0,1,0,0,0,0,7.0,1264.9507042253522,7.211764705882353,1436.0032,5448,0,0,0,0,0,0,170,1226,1250,1795004,65535,123,4,32,0,0,0,0,0,0,0,0,BENIGN
172.217.10.46-10.42.0.42-443-56710-6,10.42.0.42,56710,172.217.10.46,443,6,11/08/2017 09:45:15,36717,1,1,23.0,0.0,23.0,23.0,23.0,0.0,0.0,0.0,0.0,0.0,626.4128332924803,54.47068115586786,36717.0,0.0,36717.0,36717.0,0,0,0,0,0,0,0,0,0,0,1,0,0,0,32,32,27.23534057793393,27.23534057793393,0.0,23.0,15.333333333333332,13.279056191361393,176.33333333333334,0,1,0,0,1,0,0,0,1.0,23.0,23.0,0.0,32,0,0,0,0,0,0,1,23,1,0,1436,185,0,32,0,0,0,0,0,0,0,0,BENIGN
10.42.0.42-104.208.156.39-43037-443-6,10.42.0.42,43037,104.208.156.39,443,6,11/08/2017 09:45:14,1059157,4,2,186.0,101.0,101.0,0.0,46.5,54.08943211632626,101.0,0.0,50.5,71.4177848998413,270.970214991734,5.664882543381199,211831.4,375182.0433446942,881750.0,10013.0,1059157.0,353052.3333333333,457895.9551757728,881750.0,83432.0,60135.0,60135.0,0.0,60135.0,60135.0,1,0,0,0,128,64,3.7765883622541327,1.8882941811270664,0.0,101.0,53.14285714285715,50.137905060039394,2513.809523809524,0,1,0,0,1,0,0,0,0.0,62.0,46.5,50.5,128,0,0,0,0,0,0,4,186,2,101,1595,509,1,32,0,0,0,0,0,0,0,0,BENIGN
10.42.0.42-13.107.3.128-56766-443-6,10.42.0.42,56766,13.107.3.128,443,6,11/08/2017 09:45:16,35665,1,2,0.0,0.0,0.0,0.0,0.0,0.0,0.0,0.0,0.0,0.0,0.0,84.11608019066311,17832.5,24825.811980678496,35387.0,278.0,0,0,0,0,0,278.0,278.0,0.0,278.0,278.0,0,0,0,0,32,64,28.0386933968877,56.0773867937754,0.0,0.0,0.0,0.0,0.0,0,0,0,0,1,1,0,0,2.0,0.0,0.0,0.0,32,0,0,0,0,0,0,1,0,2,0,2184,1024,0,32,0,0,0,0,0,0,0,0,BENIGN
10.42.0.42-13.107.3.128-56761-443-6,10.42.0.42,56761,13.107.3.128,443,6,11/08/2017 09:45:16,35455,1,2,0.0,0.0,0.0,0.0,0.0,0.0,0.0,0.0,0.0,0.0,0.0,84.61429981666902,17727.5,25043.600869283953,35436.0,19.0,0,0,0,0,0,19.0,19.0,0.0,19.0,19.0,0,0,0,0,32,64,28.20476660555634,56.40953321111268,0.0,0.0,0.0,0.0,0.0,0,0,0,0,1,1,0,0,2.0,0.0,0.0,0.0,32,0,0,0,0,0,0,1,0,2,0,1641,1029,0,32,0,0,0,0,0,0,0,0,BENIGN
10.42.0.42-65.52.108.74-58154-443-6,10.42.0.42,58154,65.52.108.74,443,6,11/08/2017 09:45:16,49715,1,2,0.0,0.0,0.0,0.0,0.0,0.0,0.0,0.0,0.0,0.0,0.0,60.34396057527909,24857.5,35114.215646942765,49687.0,28.0,0,0,0,0,0,28.0,28.0,0.0,28.0,28.0,0,0,0,0,32,64,20.11465352509303,40.22930705018606,0.0,0.0,0.0,0.0,0.0,0,0,0,0,1,1,0,0,2.0,0.0,0.0,0.0,32,0,0,0,0,0,0,1,0,2,0,1595,514,0,32,0,0,0,0,0,0,0,0,BENIGN
10.42.0.42-52.179.189.71-50493-443-6,10.42.0.42,50493,52.179.189.71,443,6,11/08/2017 09:45:16,50188,1,1,0.0,0.0,0.0,0.0,0.0,0.0,0.0,0.0,0.0,0.0,0.0,39.85016338566988,50188.0,0.0,50188.0,50188.0,0,0,0,0,0,0,0,0,0,0,0,0,0,0,32,32,19.92508169283494,19.92508169283494,0.0,0.0,0.0,0.0,0.0,0,0,0,0,1,1,0,0,1.0,0.0,0.0,0.0,32,0,0,0,0,0,0,1,0,1,0,1595,1029,0,32,0,0,0,0,0,0,0,0,BENIGN
157.56.52.23-10.42.0.42-40033-43058-6,10.42.0.42,43058,157.56.52.23,40033,6,11/08/2017 09:45:16,84264,1,1,0.0,0.0,0.0,0.0,0.0,0.0,0.0,0.0,0.0,0.0,0.0,23.73492832051647,84264.0,0.0,84264.0,84264.0,0,0,0,0,0,0,0,0,0,0,0,0,0,0,32,32,11.867464160258235,11.867464160258235,0.0,0.0,0.0,0.0,0.0,0,0,0,0,1,1,0,0,1.0,0.0,0.0,0.0,32,0,0,0,0,0,0,1,0,1,0,1420,33,0,32,0,0,0,0,0,0,0,0,BENIGN
10.42.0.42-91.190.217.50-44510-12350-6,10.42.0.42,44510,91.190.217.50,12350,6,11/08/2017 09:45:16,120051,1,1,0.0,0.0,0.0,0.0,0.0,0.0,0.0,0.0,0.0,0.0,0.0,16.659586342471115,120051.0,0.0,120051.0,120051.0,0,0,0,0,0,0,0,0,0,0,0,0,0,0,32,32,8.329793171235558,8.329793171235558,0.0,0.0,0.0,0.0,0.0,0,0,0,0,1,1,0,0,1.0,0.0,0.0,0.0,32,0,0,0,0,0,0,1,0,1,0,1386,9,0,32,0,0,0,0,0,0,0,0,BENIGN
172.217.6.202-10.42.0.42-443-41485-6,10.42.0.42,41485,172.217.6.202,443,6,11/08/2017 09:45:17,36969,1,1,0.0,0.0,0.0,0.0,0.0,0.0,0.0,0.0,0.0,0.0,0.0,54.09938056209256,36969.0,0.0,36969.0,36969.0,0,0,0,0,0,0,0,0,0,0,0,0,0,0,32,32,27.04969028104628,27.04969028104628,0.0,0.0,0.0,0.0,0.0,0,0,0,0,1,1,0,0,1.0,0.0,0.0,0.0,32,0,0,0,0,0,0,1,0,1,0,4440,192,0,32,0,0,0,0,0,0,0,0,BENIGN
208.80.154.224-10.42.0.42-80-44754-6,10.42.0.42,44754,208.80.154.224,80,6,11/08/2017 09:45:13,5065170,2,2,0.0,0.0,0.0,0.0,0.0,0.0,0.0,0.0,0.0,0.0,0.0,0.7897069594900072,1688390.0,2893154.368639012,5029095.0,7560.0,36075.0,36075.0,0.0,36075.0,36075.0,5036655.0,5036655.0,0.0,5036655.0,5036655.0,0,0,0,0,72,72,0.3948534797450036,0.3948534797450036,0.0,0.0,0.0,0.0,0.0,0,0,0,1,0,0,0,0,1.0,0.0,0.0,0.0,72,0,0,0,0,0,0,2,0,2,0,65535,57,0,32,0,0,0,0,0,0,0,0,BENIGN
208.80.154.224-10.42.0.42-80-44753-6,10.42.0.42,44753,208.80.154.224,80,6,11/08/2017 09:45:13,5413968,4,4,402.0,490.0,402.0,0.0,100.5,201.0,490.0,0.0,122.5,245.00000000000003,164.75900854973654,1.4776592695043635,773424.0000000001,1862776.2079641595,4988329.0,362.0,425639.0,141879.66666666666,179209.61879969874,348796.0,36117.0,5385591.0,1795197.0,2782243.2789533343,5000168.0,362.0,0,0,0,0,136,136,0.7388296347521818,0.7388296347521818,0.0,490.0,99.11111111111111,197.8941917063538,39162.11111111112,0,0,0,1,0,0,0,0,1.0,111.5,100.5,122.5,136,0,0,0,0,0,0,4,402,4,490,65535,59,1,32,0,0,0,0,0,0,0,0,BENIGN
172.217.10.46-10.42.0.42-443-32941-6,10.42.0.42,32941,172.217.10.46,443,6,11/08/2017 09:45:19,37519,1,2,23.0,0.0,23.0,23.0,23.0,0.0,0.0,0.0,0.0,0.0,613.0227351475253,79.95948719315547,18759.5,25841.21731846238,37032.0,487.0,0,0,0,0,0,487.0,487.0,0.0,487.0,487.0,1,0,0,0,32,64,26.653162397718493,53.306324795436986,0.0,23.0,11.5,13.279056191361393,176.33333333333334,0,1,0,0,1,0,0,0,2.0,15.333333333333334,23.0,0.0,32,0,0,0,0,0,0,1,23,2,0,1419,185,0,32,0,0,0,0,0,0,0,0,BENIGN
172.217.12.138-10.42.0.42-443-35038-6,10.42.0.42,35038,172.217.12.138,443,6,11/08/2017 09:45:06,14691833,14,17,4260.0,7045.0,1368.0,0.0,304.2857142857142,499.2736922572826,1418.0,0.0,414.4117647058823,608.4045794970162,769.4751226752985,2.1100158162701685,489727.7666666667,2425426.5267455704,1.3314846E7,3.0,1.4651965E7,1127074.2307692308,3666708.0880504414,1.3314846E7,41.0,1.4655216E7,915951.0,3322853.5182866747,1.3359762E7,3.0,0,0,0,0,456,552,0.9529103686381406,1.157105447632028,0.0,1418.0,353.2812499999999,550.2200870135748,302742.1441532259,0,0,0,1,0,0,0,0,1.0,364.6774193548387,304.2857142857143,414.4117647058824,456,0,0,0,0,0,0,14,4260,17,7045,65535,213,7,32,1337119.0,0.0,1337119.0,1337119.0,1.3314846E7,0.0,1.3314846E7,1.3314846E7,BENIGN
172.217.10.46-10.42.0.42-443-50742-6,10.42.0.42,50742,172.217.10.46,443,6,11/08/2017 09:45:07,17958079,15,18,3184.0,3125.0,979.0,0.0,212.26666666666665,372.1864867944307,457.0,0.0,173.61111111111111,193.08399235714796,351.3182005714531,1.8376130319952373,561189.96875,2168567.0428040056,1.0571571E7,16.0,1.792163E7,1280116.4285714286,3197658.547409933,1.0571571E7,30.0,1.7921368E7,1054198.1176470588,2946394.928696696,1.0611731E7,16.0,0,0,0,0,488,584,0.835278650906926,1.0023343810883112,0.0,979.0,185.55882352941177,281.8125522696883,79418.31461675579,0,0,0,1,0,0,0,0,1.0,191.1818181818182,212.26666666666668,173.61111111111111,488,0,0,0,0,0,0,15,3184,18,3125,65535,207,6,32,358937.0,156714.66170081217,469751.0,248123.0,8601878.0,2785566.5543113486,1.0571571E7,6632185.0,BENIGN
172.217.10.46-10.42.0.42-443-39190-6,10.42.0.42,39190,172.217.10.46,443,6,11/08/2017 09:45:15,14342678,9,9,1350.0,1136.0,918.0,0.0,150.0,300.92233217227334,517.0,0.0,126.22222222222223,208.42431346760975,173.32885811143498,1.2549957546282502,843686.9411764706,3396224.2859573937,1.4022708E7,18.0,1.4305619E7,1788202.375,4943578.696740794,1.4022708E7,2543.0,1.430544E7,1788180.0,4973440.023828635,1.4096602E7,18.0,0,0,0,0,296,296,0.6274978773141251,0.6274978773141251,0.0,918.0,130.8421052631579,246.3708278090603,60698.584795321636,0,0,0,1,0,0,0,0,1.0,138.11111111111111,150.0,126.22222222222223,296,0,0,0,0,0,0,9,1350,9,1136,65535,185,4,32,282911.0,0.0,282911.0,282911.0,1.4022708E7,0.0,1.4022708E7,1.4022708E7,BENIGN
172.217.12.138-10.42.0.42-443-41781-6,10.42.0.42,41781,172.217.12.138,443,6,11/08/2017 09:45:13,31224532,14,11,460.0,4337.0,218.0,0.0,32.857142857142854,59.49771442650568,1418.0,0.0,394.27272727272725,590.6107162774971,153.62920411425222,0.8006525125820941,1301022.1666666667,6282966.234864727,3.0798375E7,7.0,3.1224532E7,2401887.076923077,8543507.300229479,3.0836127E7,7.0,389683.0,38968.3,55749.18573804962,175644.0,9.0,0,0,0,0,468,360,0.4483654070459727,0.3522871055361214,0.0,1418.0,184.50000000000009,418.2945612842701,174970.34,0,0,0,1,0,0,0,0,0.0,191.88,32.857142857142854,394.27272727272725,468,0,0,0,0,0,0,14,460,11,4337,65535,170,6,32,0,0,0,0,0,0,0,0,BENIGN
172.217.10.46-10.42.0.42-443-46296-6,10.42.0.42,46296,172.217.10.46,443,6,11/08/2017 09:45:44,225866,6,8,1323.0,1707.0,755.0,0.0,220.5,331.11735079877644,1418.0,0.0,213.375,491.1004952436634,13415.033692543366,61.98365402495285,17374.307692307695,23489.90606049265,76886.0,4.0,166595.0,33319.0,34462.66614758643,84666.0,693.0,189226.0,27032.28571428571,30600.657442361626,80920.0,4.0,0,0,0,0,200,264,26.564423153551218,35.41923087140162,0.0,1418.0,201.99999999999997,403.5860680024947,162881.71428571426,0,0,0,1,0,0,0,0,1.0,216.42857142857142,220.5,213.375,200,0,0,0,0,0,0,6,1323,8,1707,65535,176,3,32,0,0,0,0,0,0,0,0,BENIGN
206.126.112.141-10.42.0.42-443-54545-6,10.42.0.42,54545,206.126.112.141,443,6,11/08/2017 09:45:45,1164284,520,2912,1225.0,4200470.0,626.0,0.0,2.355769230769232,35.65627987051972,1448.0,0.0,1442.469093406594,79.22425592605876,3608823.1050156145,2947.7344015721246,339.3424657534233,2849.876186487726,150094.0,-3.0,1164284.0,2243.32177263969,8870.742068620868,172765.0,1.0,1117513.0,383.8931638612153,3207.318045331425,150094.0,0.0,0,0,0,0,16648,93192,446.62642448062496,2501.1079770915,0.0,1448.0,1223.913486746289,522.0852441207855,272573.0021286603,0,0,0,1,0,0,0,0,5.0,1224.2701048951049,2.355769230769231,1442.4690934065934,16648,0,0,0,0,0,0,520,1225,2912,4200470,65535,123,4,32,0,0,0,0,0,0,0,0,BENIGN
172.217.10.46-10.42.0.42-443-44853-6,10.42.0.42,44853,172.217.10.46,443,6,11/08/2017 09:45:07,40923166,9,7,1163.0,1579.0,589.0,0.0,129.22222222222223,250.19131568550586,411.0,0.0,225.57142857142856,198.07057424300154,67.00361355228479,0.39097659257350714,2728211.0666666664,7996346.366071539,2.9921113E7,11.0,4.0923166E7,5115395.75,1.0673805799844079E7,2.9921113E7,98.0,1.0943932E7,1823988.6666666667,4436942.115461668,1.0880725E7,11.0,1,0,0,0,288,224,0.21992433332259775,0.17105225925090936,0.0,589.0,193.70588235294122,238.26816948185777,56771.720588235294,0,1,0,0,1,0,0,0,0.0,205.8125,129.22222222222223,225.57142857142858,288,0,0,0,0,0,0,9,1163,7,1579,1486,247,2,32,222499.5,168094.13113044726,341360.0,103639.0,2.02390345E7,1.3692526726660952E7,2.9921113E7,1.0556956E7,BENIGN
172.217.10.46-10.42.0.42-443-44853-6,172.217.10.46,443,10.42.0.42,44853,6,11/08/2017 09:45:48,24,2,0,0.0,0.0,0.0,0.0,0.0,0.0,0,0,0,0,0.0,83333.33333333333,24.0,0.0,24.0,24.0,24.0,24.0,0.0,24.0,24.0,0,0,0,0,0,0,0,0,0,64,0,83333.33333333333,0.0,0.0,0.0,0.0,0.0,0.0,0,0,0,0,1,0,0,0,0.0,0.0,0.0,0.0,64,0,0,0,0,0,0,2,0,0,0,247,-1,0,32,0,0,0,0,0,0,0,0,BENIGN
172.217.12.138-10.42.0.42-443-55888-6,10.42.0.42,55888,172.217.12.138,443,6,11/08/2017 09:45:19,35014764,40,71,2240.0,89401.0,993.0,0.0,56.00000000000001,219.69932833715006,1418.0,0.0,1259.1690140845071,397.5111134444813,2617.21027164427,3.17009133632887,318316.0363636364,3223953.683526848,3.3816769E7,5.0,3.5014764E7,897814.4615384616,5411116.649151608,3.3816769E7,5.0,1101740.0,15739.142857142864,93147.96601485151,771572.0,7.0,0,0,0,0,1288,2280,1.1423752563347278,2.027716079994142,0.0,1418.0,818.2232142857141,675.5519293037149,456370.4091859715,0,0,0,1,0,0,0,0,1.0,825.5945945945946,56.0,1259.1690140845071,1288,0,0,0,0,0,0,40,2240,71,89401,65535,192,4,32,0,0,0,0,0,0,0,0,BENIGN
172.217.10.46-10.42.0.42-443-44720-6,10.42.0.42,44720,172.217.10.46,443,6,11/08/2017 09:45:07,58870137,12,11,970.0,5737.0,619.0,0.0,80.83333333333331,180.71214344331923,1418.0,0.0,521.5454545454546,611.767662374592,113.9287309625252,0.3906904446306962,2675915.318181818,1.244585643398161E7,5.839846E7,1.0,5.8870137E7,5351830.636363638,1.7593673682856392E7,5.839846E7,5.0,413334.0,41333.4,62528.68718916142,186264.0,1.0,0,0,0,0,392,360,0.20383849285079803,0.1868519517798982,0.0,1418.0,279.4583333333333,479.94610015914407,230348.25905797113,0,0,0,1,0,0,0,0,0.0,291.60869565217394,80.83333333333333,521.5454545454545,392,0,0,0,0,0,0,12,970,11,5737,65535,175,4,32,471317.0,0.0,471317.0,471317.0,5.839846E7,0.0,5.839846E7,5.839846E7,BENIGN
172.217.10.46-10.42.0.42-443-44720-6,172.217.10.46,443,10.42.0.42,44720,6,11/08/2017 09:46:05,284,2,0,0.0,0.0,0.0,0.0,0.0,0.0,0,0,0,0,0.0,7042.2535211267605,284.0,0.0,284.0,284.0,284.0,284.0,0.0,284.0,284.0,0,0,0,0,0,0,0,0,0,64,0,7042.2535211267605,0.0,0.0,0.0,0.0,0.0,0.0,0,0,0,0,1,0,0,0,0.0,0.0,0.0,0.0,64,0,0,0,0,0,0,2,0,0,0,175,-1,0,32,0,0,0,0,0,0,0,0,BENIGN
172.217.12.138-10.42.0.42-443-36590-6,10.42.0.42,36590,172.217.12.138,443,6,11/08/2017 09:45:20,57753576,9,6,8223.0,994.0,1368.0,0.0,913.6666666666666,620.4220337802325,583.0,0.0,165.66666666666666,252.38911756782753,159.59184934280086,0.2597241770795284,4125255.4285714286,1.5398344140408643E7,5.762517E7,5.0,5.7753576E7,7219197.0,2.036710911784844E7,5.762517E7,5.0,76602.0,15320.4,34083.69392099395,76291.0,10.0,1,0,0,0,288,192,0.15583450624771703,0.10388967083181135,0.0,1368.0,595.9375,605.2273918399045,366300.19583333336,0,1,0,0,1,0,0,0,0.0,635.6666666666666,913.6666666666666,165.66666666666666,288,0,0,0,0,0,0,9,8223,6,994,1681,388,6,32,0,0,0,0,0,0,0,0,BENIGN
172.217.12.138-10.42.0.42-443-42846-6,10.42.0.42,42846,172.217.12.138,443,6,11/08/2017 09:45:08,70456588,11,10,1164.0,4847.0,909.0,0.0,105.8181818181818,271.8885132482864,1418.0,0.0,484.7,552.6841673948051,85.31494599199155,0.29805587520076904,3522829.4,1.5685657513619415E7,7.0163723E7,3.0,7.0456588E7,7045658.800000001,2.2177448795067158E7,7.0163723E7,173.0,247600.0,27511.11111111111,45467.25006101767,124454.0,3.0,0,0,0,0,360,328,0.1561245060575457,0.14193136914322335,0.0,1418.0,273.2272727272727,453.47945108252986,205643.6125541126,0,0,0,1,0,0,0,0,0.0,286.23809523809524,105.81818181818181,484.7,360,0,0,0,0,0,0,11,1164,10,4847,65535,181,3,32,0,0,0,0,0,0,0,0,BENIGN
172.217.12.206-10.42.0.42-443-36341-6,10.42.0.42,36341,172.217.12.206,443,6,11/08/2017 09:46:05,12921595,11,8,1326.0,4962.0,744.0,0.0,120.54545454545453,231.67795045552506,1418.0,0.0,620.2500000000001,574.7510641262752,486.627231390552,1.470406710626668,717866.3888888889,2888770.527258493,1.2291285E7,11.0,1.2921595E7,1292159.5,3865344.1039304994,1.2291285E7,1260.0,427290.0,61041.42857142857,88925.60321950243,254540.0,11.0,0,0,0,0,360,264,0.8512880956259656,0.6191186150007023,0.0,1418.0,314.40000000000003,465.08034393617356,216299.72631578948,0,0,0,1,0,0,0,0,0.0,330.94736842105266,120.54545454545455,620.25,360,0,0,0,0,0,0,11,1326,8,4962,65535,180,4,32,0,0,0,0,0,0,0,0,BENIGN
172.217.12.138-10.42.0.42-443-45041-6,10.42.0.42,45041,172.217.12.138,443,6,11/08/2017 09:45:16,61773453,10,10,1519.0,4740.0,1265.0,0.0,151.9,395.1476376692078,1418.0,0.0,474.00000000000006,563.2327326346642,101.32184127702882,0.3237636723982388,3251234.368421053,1.4115662342274994E7,6.1541563E7,8.0,6.1773453E7,6863717.0,2.0504210520209342E7,6.1541563E7,66.0,190857.0,21206.333333333332,32084.015225654035,80880.0,8.0,0,0,0,0,328,328,0.1618818361991194,0.1618818361991194,0.0,1418.0,298.0476190476191,493.5772964987831,243618.54761904763,0,0,0,1,0,0,0,0,1.0,312.95,151.9,474.0,328,0,0,0,0,0,0,10,1519,10,4740,65535,181,3,32,0,0,0,0,0,0,0,0,BENIGN
172.217.11.8-10.42.0.42-443-34000-6,10.42.0.42,34000,172.217.11.8,443,6,11/08/2017 09:45:15,62774936,9,7,1347.0,4436.0,1087.0,0.0,149.66666666666666,356.6892905597251,1418.0,0.0,633.7142857142857,612.6186182516586,92.12275421515365,0.25487879430096116,4184995.733333333,1.6137924190043293E7,6.2520077E7,52.0,6.2774936E7,7846867.0,2.209133230217552E7,6.2520077E7,1186.0,177477.0,29579.5,28397.149679149137,64130.0,52.0,0,0,0,0,296,232,0.14336932179429066,0.1115094725066705,0.0,1418.0,340.1764705882353,519.3231454612481,269696.5294117647,0,0,0,1,0,0,0,0,0.0,361.4375,149.66666666666666,633.7142857142857,296,0,0,0,0,0,0,9,1347,7,4436,65535,181,3,32,0,0,0,0,0,0,0,0,BENIGN
172.217.12.138-10.42.0.42-443-43251-6,10.42.0.42,43251,172.217.12.138,443,6,11/08/2017 09:45:18,60705964,15,14,4278.0,4275.0,1368.0,0.0,285.19999999999993,488.34855818944965,1418.0,0.0,305.35714285714283,531.9554069140147,140.89225236584662,0.477712535789729,2168070.1428571427,1.1154995976401597E7,5.9084059E7,7.0,6.0669326E7,4333523.285714285,1.5759293020690005E7,5.9084059E7,60.0,6.066915E7,4666857.692307693,1.6364545367703475E7,5.9128355E7,7.0,0,0,0,0,488,456,0.2470926909257219,0.2306198448640071,0.0,1418.0,285.09999999999997,494.95742415296485,244982.85172413793,0,0,0,1,0,0,0,0,0.0,294.9310344827586,285.2,305.35714285714283,488,0,0,0,0,0,0,15,4278,14,4275,65535,213,7,32,1585267.0,0.0,1585267.0,1585267.0,5.9084059E7,0.0,5.9084059E7,5.9084059E7,BENIGN
172.217.7.227-10.42.0.42-443-46646-6,10.42.0.42,46646,172.217.7.227,443,6,11/08/2017 09:45:13,65907841,7,6,269.0,137.0,193.0,0.0,38.42857142857143,70.47424385986024,61.0,0.0,22.833333333333332,26.384970469315796,6.16011682130507,0.1972451198940047,5492320.083333333,1.897267269362756E7,6.573859E7,123.0,6.5907841E7,1.0984640166666666E7,2.6864482781246986E7,6.5821495E7,123.0,126422.0,25284.4,38365.71783897703,87440.0,273.0,1,0,0,0,224,192,0.10620891071215638,0.09103620918184832,0.0,193.0,42.785714285714285,67.00537127887421,4489.719780219781,0,1,0,0,1,0,0,0,0.0,46.07692307692308,38.42857142857143,22.833333333333332,224,0,0,0,0,0,0,7,269,6,137,8170,237,2,32,0,0,0,0,0,0,0,0,BENIGN
172.217.9.227-10.42.0.42-443-59506-6,10.42.0.42,59506,172.217.9.227,443,6,11/08/2017 09:45:16,62865996,38,41,18743.0,1701.0,1368.0,0.0,493.23684210526307,609.2394653775655,272.0,0.0,41.487804878048784,69.9232157266882,325.19965165269946,1.2566411896186294,805974.3076923077,6063850.368465795,5.3443105E7,4.0,6.2865996E7,1699080.972972973,8794780.981781721,5.351929E7,4.0,9386535.0,234663.37500000003,788765.5471224766,2972345.0,6.0,1,0,0,0,1228,1312,0.6044603190570622,0.6521808705615671,0.0,1368.0,256.7125,477.0799151205094,227605.24541139245,0,1,0,0,1,0,0,0,1.0,259.9620253164557,493.2368421052632,41.48780487804878,1228,0,0,0,0,0,0,38,18743,41,1701,3487,811,27,32,0,0,0,0,0,0,0,0,BENIGN
172.217.11.14-10.42.0.42-443-55434-6,10.42.0.42,55434,172.217.11.14,443,6,11/08/2017 09:45:24,54298928,11,16,2340.0,2262.0,1316.0,0.0,212.72727272727272,413.99422481698724,737.0,0.0,141.375,215.66142445973037,84.75305442494188,0.4972473858047437,2088420.3076923077,1.058968088185069E7,5.4008539E7,7.0,5.4298928E7,5429892.799999999,1.7081776656139065E7,5.4045331E7,218.0,253770.0,16918.0,22669.274394462398,59579.0,7.0,1,0,0,0,352,512,0.20258226829082152,0.2946651175139222,0.0,1316.0,168.67857142857144,301.0539577048198,90633.48544973544,0,1,0,0,1,0,0,0,1.0,174.92592592592592,212.72727272727272,141.375,352,0,0,0,0,0,0,11,2340,16,2262,2355,235,6,32,0,0,0,0,0,0,0,0,BENIGN
208.80.154.224-10.42.0.42-443-53505-6,10.42.0.42,53505,208.80.154.224,443,6,11/08/2017 09:45:13,65482810,63,87,1624.0,95690.0,272.0,0.0,25.77777777777778,57.72974982049479,1448.0,0.0,1099.8850574712637,561.5699634452434,1486.0999398162662,2.290677507577943,439481.9463087249,5213868.50884273,6.3644905E7,1.0,6.548281E7,1056174.3548387098,8080451.883425591,6.3644905E7,5.0,1806307.0,21003.569767441855,132562.9820615394,1211278.0,1.0,0,0,0,0,2024,2792,0.962084553182736,1.3285929543952069,0.0,1448.0,644.4635761589404,682.6526473967506,466014.63699779235,0,0,0,1,0,0,0,0,1.0,648.76,25.77777777777778,1099.8850574712644,2024,0,0,0,0,0,0,63,1624,87,95690,65535,63,15,32,0,0,0,0,0,0,0,0,BENIGN
208.80.154.224-10.42.0.42-80-44753-6,10.42.0.42,44753,208.80.154.224,80,6,11/08/2017 09:45:18,60467877,2,0,0.0,0.0,0.0,0.0,0.0,0.0,0,0,0,0,0.0,0.03307541291717584,6.0467877E7,0.0,6.0467877E7,6.0467877E7,6.0467877E7,6.0467877E7,0.0,6.0467877E7,6.0467877E7,0,0,0,0,0,0,0,0,0,64,0,0.03307541291717584,0.0,0.0,0.0,0.0,0.0,0.0,0,0,0,0,1,0,0,0,0.0,0.0,0.0,0.0,64,0,0,0,0,0,0,2,0,0,0,1386,-1,0,32,0,0,0,0,0,0,0,0,BENIGN
208.80.154.224-10.42.0.42-80-44754-6,10.42.0.42,44754,208.80.154.224,80,6,11/08/2017 09:45:18,60837176,2,0,0.0,0.0,0.0,0.0,0.0,0.0,0,0,0,0,0.0,0.032874635732598766,6.0837176E7,0.0,6.0837176E7,6.0837176E7,6.0837176E7,6.0837176E7,0.0,6.0837176E7,6.0837176E7,0,0,0,0,0,0,0,0,0,64,0,0.032874635732598766,0.0,0.0,0.0,0.0,0.0,0.0,0,0,0,0,1,0,0,0,0.0,0.0,0.0,0.0,64,0,0,0,0,0,0,2,0,0,0,1369,-1,0,32,0,0,0,0,0,0,0,0,BENIGN
172.217.10.99-10.42.0.42-443-41037-6,10.42.0.42,41037,172.217.10.99,443,6,11/08/2017 09:46:19,36751,1,1,0.0,0.0,0.0,0.0,0.0,0.0,0.0,0.0,0.0,0.0,0.0,54.42028788332291,36751.0,0.0,36751.0,36751.0,0,0,0,0,0,0,0,0,0,0,0,0,0,0,32,32,27.210143941661453,27.210143941661453,0.0,0.0,0.0,0.0,0.0,0,0,0,0,1,1,0,0,1.0,0.0,0.0,0.0,32,0,0,0,0,0,0,1,0,1,0,1637,181,0,32,0,0,0,0,0,0,0,0,BENIGN
172.217.10.131-10.42.0.42-443-35042-6,10.42.0.42,35042,172.217.10.131,443,6,11/08/2017 09:46:19,36757,1,1,0.0,0.0,0.0,0.0,0.0,0.0,0.0,0.0,0.0,0.0,0.0,54.41140463041054,36757.0,0.0,36757.0,36757.0,0,0,0,0,0,0,0,0,0,0,0,0,0,0,32,32,27.20570231520527,27.20570231520527,0.0,0.0,0.0,0.0,0.0,0,0,0,0,1,1,0,0,1.0,0.0,0.0,0.0,32,0,0,0,0,0,0,1,0,1,0,1593,179,0,32,0,0,0,0,0,0,0,0,BENIGN
172.217.12.193-10.42.0.42-443-44255-6,10.42.0.42,44255,172.217.12.193,443,6,11/08/2017 09:46:19,36789,1,1,0.0,0.0,0.0,0.0,0.0,0.0,0.0,0.0,0.0,0.0,0.0,54.36407621843485,36789.0,0.0,36789.0,36789.0,0,0,0,0,0,0,0,0,0,0,0,0,0,0,32,32,27.182038109217427,27.182038109217427,0.0,0.0,0.0,0.0,0.0,0,0,0,0,1,1,0,0,1.0,0.0,0.0,0.0,32,0,0,0,0,0,0,1,0,1,0,1683,179,0,32,0,0,0,0,0,0,0,0,BENIGN
172.217.12.195-10.42.0.42-443-59272-6,10.42.0.42,59272,172.217.12.195,443,6,11/08/2017 09:46:19,36771,1,1,0.0,0.0,0.0,0.0,0.0,0.0,0.0,0.0,0.0,0.0,0.0,54.39068831416062,36771.0,0.0,36771.0,36771.0,0,0,0,0,0,0,0,0,0,0,0,0,0,0,32,32,27.19534415708031,27.19534415708031,0.0,0.0,0.0,0.0,0.0,0,0,0,0,1,1,0,0,1.0,0.0,0.0,0.0,32,0,0,0,0,0,0,1,0,1,0,1594,180,0,32,0,0,0,0,0,0,0,0,BENIGN
172.217.10.99-10.42.0.42-443-43593-6,10.42.0.42,43593,172.217.10.99,443,6,11/08/2017 09:46:19,36794,1,1,0.0,0.0,0.0,0.0,0.0,0.0,0.0,0.0,0.0,0.0,0.0,54.356688590531064,36794.0,0.0,36794.0,36794.0,0,0,0,0,0,0,0,0,0,0,0,0,0,0,32,32,27.178344295265532,27.178344295265532,0.0,0.0,0.0,0.0,0.0,0,0,0,0,1,1,0,0,1.0,0.0,0.0,0.0,32,0,0,0,0,0,0,1,0,1,0,1771,179,0,32,0,0,0,0,0,0,0,0,BENIGN
172.217.6.202-10.42.0.42-443-52421-6,10.42.0.42,52421,172.217.6.202,443,6,11/08/2017 09:46:19,36782,1,1,0.0,0.0,0.0,0.0,0.0,0.0,0.0,0.0,0.0,0.0,0.0,54.37442227176336,36782.0,0.0,36782.0,36782.0,0,0,0,0,0,0,0,0,0,0,0,0,0,0,32,32,27.18721113588168,27.18721113588168,0.0,0.0,0.0,0.0,0.0,0,0,0,0,1,1,0,0,1.0,0.0,0.0,0.0,32,0,0,0,0,0,0,1,0,1,0,1860,183,0,32,0,0,0,0,0,0,0,0,BENIGN
172.217.9.237-10.42.0.42-443-41584-6,10.42.0.42,41584,172.217.9.237,443,6,11/08/2017 09:46:19,37036,1,1,0.0,0.0,0.0,0.0,0.0,0.0,0.0,0.0,0.0,0.0,0.0,54.00151204233719,37036.0,0.0,37036.0,37036.0,0,0,0,0,0,0,0,0,0,0,0,0,0,0,32,32,27.000756021168595,27.000756021168595,0.0,0.0,0.0,0.0,0.0,0,0,0,0,1,1,0,0,1.0,0.0,0.0,0.0,32,0,0,0,0,0,0,1,0,1,0,1726,185,0,32,0,0,0,0,0,0,0,0,BENIGN
172.217.3.98-10.42.0.42-443-50564-6,10.42.0.42,50564,172.217.3.98,443,6,11/08/2017 09:46:19,37023,1,1,0.0,0.0,0.0,0.0,0.0,0.0,0.0,0.0,0.0,0.0,0.0,54.02047375955487,37023.0,0.0,37023.0,37023.0,0,0,0,0,0,0,0,0,0,0,0,0,0,0,32,32,27.010236879777434,27.010236879777434,0.0,0.0,0.0,0.0,0.0,0,0,0,0,1,1,0,0,1.0,0.0,0.0,0.0,32,0,0,0,0,0,0,1,0,1,0,1593,179,0,32,0,0,0,0,0,0,0,0,BENIGN
172.217.5.228-10.42.0.42-443-32816-6,10.42.0.42,32816,172.217.5.228,443,6,11/08/2017 09:46:19,41990,1,1,0.0,0.0,0.0,0.0,0.0,0.0,0.0,0.0,0.0,0.0,0.0,47.63038818766373,41990.0,0.0,41990.0,41990.0,0,0,0,0,0,0,0,0,0,0,0,0,0,0,32,32,23.815194093831867,23.815194093831867,0.0,0.0,0.0,0.0,0.0,0,0,0,0,1,1,0,0,1.0,0.0,0.0,0.0,32,0,0,0,0,0,0,1,0,1,0,1637,184,0,32,0,0,0,0,0,0,0,0,BENIGN
172.217.7.227-10.42.0.42-443-46651-6,10.42.0.42,46651,172.217.7.227,443,6,11/08/2017 09:46:19,42731,1,1,0.0,0.0,0.0,0.0,0.0,0.0,0.0,0.0,0.0,0.0,0.0,46.804427698860316,42731.0,0.0,42731.0,42731.0,0,0,0,0,0,0,0,0,0,0,0,0,0,0,32,32,23.402213849430158,23.402213849430158,0.0,0.0,0.0,0.0,0.0,0,0,0,0,1,1,0,0,1.0,0.0,0.0,0.0,32,0,0,0,0,0,0,1,0,1,0,3131,175,0,32,0,0,0,0,0,0,0,0,BENIGN
172.217.10.19-10.42.0.42-443-53932-6,10.42.0.42,53932,172.217.10.19,443,6,11/08/2017 09:46:19,54450,1,1,0.0,0.0,0.0,0.0,0.0,0.0,0.0,0.0,0.0,0.0,0.0,36.73094582185492,54450.0,0.0,54450.0,54450.0,0,0,0,0,0,0,0,0,0,0,0,0,0,0,32,32,18.36547291092746,18.36547291092746,0.0,0.0,0.0,0.0,0.0,0,0,0,0,1,1,0,0,1.0,0.0,0.0,0.0,32,0,0,0,0,0,0,1,0,1,0,1504,179,0,32,0,0,0,0,0,0,0,0,BENIGN
208.80.154.224-10.42.0.42-80-44754-6,10.42.0.42,44754,208.80.154.224,80,6,11/08/2017 09:46:19,544425,2,0,0.0,0.0,0.0,0.0,0.0,0.0,0,0,0,0,0.0,3.6736005877760936,544425.0,0.0,544425.0,544425.0,544425.0,544425.0,0.0,544425.0,544425.0,0,0,0,0,0,0,0,0,0,64,0,3.6736005877760936,0.0,0.0,0.0,0.0,0.0,0.0,0,0,0,0,1,1,0,0,0.0,0.0,0.0,0.0,64,0,0,0,0,0,0,2,0,0,0,1369,-1,0,32,0,0,0,0,0,0,0,0,BENIGN
172.217.10.46-10.42.0.42-443-47526-6,10.42.0.42,47526,172.217.10.46,443,6,11/08/2017 09:45:21,60385986,14,11,9410.0,730.0,1368.0,0.0,672.1428571428571,655.2034161109941,425.0,0.0,66.36363636363636,133.74324112064335,167.9197554213986,0.4140033417687342,2516082.75,1.227448457349242E7,6.0142975E7,5.0,6.0349923E7,4642301.76923077,1.6675894509385858E7,6.0142975E7,5.0,6.0349842E7,6034984.2,1.902520548048028E7,6.018164E7,246.0,0,0,0,0,456,360,0.23184187139049114,0.18216147037824304,0.0,1368.0,390.0,571.9570613254111,327134.88000000006,0,0,0,1,0,0,0,0,0.0,405.6,672.1428571428571,66.36363636363636,456,0,0,0,0,0,0,14,9410,11,730,65535,249,10,32,206948.0,0.0,206948.0,206948.0,6.0142975E7,0.0,6.0142975E7,6.0142975E7,BENIGN
208.80.154.224-10.42.0.42-80-44754-6,10.42.0.42,44754,208.80.154.224,80,6,11/08/2017 09:46:20,1831777,2,0,0.0,0.0,0.0,0.0,0.0,0.0,0,0,0,0,0.0,1.0918359603816403,1831777.0,0.0,1831777.0,1831777.0,1831777.0,1831777.0,0.0,1831777.0,1831777.0,0,0,0,0,0,0,0,0,0,64,0,1.0918359603816403,0.0,0.0,0.0,0.0,0.0,0.0,0,0,0,0,1,1,0,0,0.0,0.0,0.0,0.0,64,0,0,0,0,0,0,2,0,0,0,1369,-1,0,32,0,0,0,0,0,0,0,0,BENIGN
172.217.12.138-10.42.0.42-443-37909-6,10.42.0.42,37909,172.217.12.138,443,6,11/08/2017 09:45:25,59082055,14,14,4280.0,4171.0,1368.0,0.0,305.71428571428567,500.2218628647813,1418.0,0.0,297.9285714285714,523.6743650966129,143.03835572408576,0.47391716486503394,2188224.259259259,1.1131893291220075E7,5.7885609E7,7.0,5.904481E7,4541908.461538461,1.6028736330760194E7,5.7885609E7,40.0,5.9044678E7,4541898.307692308,1.6042301347934688E7,5.7930148E7,7.0,0,0,0,0,456,456,0.23695858243251697,0.23695858243251697,0.0,1418.0,291.4137931034482,496.6429097479956,246654.17980295568,0,0,0,1,0,0,0,0,1.0,301.82142857142856,305.7142857142857,297.92857142857144,456,0,0,0,0,0,0,14,4280,14,4171,65535,213,7,32,1159201.0,0.0,1159201.0,1159201.0,5.7885609E7,0.0,5.7885609E7,5.7885609E7,BENIGN
208.80.154.224-10.42.0.42-80-44754-6,10.42.0.42,44754,208.80.154.224,80,6,11/08/2017 09:46:26,7393042,2,0,0.0,0.0,0.0,0.0,0.0,0.0,0,0,0,0,0.0,0.27052463654338765,7393042.0,0.0,7393042.0,7393042.0,7393042.0,7393042.0,0.0,7393042.0,7393042.0,0,0,0,0,0,0,0,0,0,64,0,0.27052463654338765,0.0,0.0,0.0,0.0,0.0,0.0,0,0,0,0,1,1,0,0,0.0,0.0,0.0,0.0,64,0,0,0,0,0,0,2,0,0,0,1369,-1,0,32,0,0,0,0,0,0,0,0,BENIGN
208.80.154.224-10.42.0.42-80-44754-6,10.42.0.42,44754,208.80.154.224,80,6,11/08/2017 09:46:48,29487147,2,0,0.0,0.0,0.0,0.0,0.0,0.0,0,0,0,0,0.0,0.06782616168325813,2.9487147E7,0.0,2.9487147E7,2.9487147E7,2.9487147E7,2.9487147E7,0.0,2.9487147E7,2.9487147E7,0,0,0,0,0,0,0,0,0,64,0,0.06782616168325813,0.0,0.0,0.0,0.0,0.0,0.0,0,0,0,0,1,1,0,0,0.0,0.0,0.0,0.0,64,0,0,0,0,0,0,2,0,0,0,1369,-1,0,32,0,0,0,0,0,0,0,0,BENIGN
8.0.6.4-8.6.0.1-0-0-0,8.6.0.1,0,8.0.6.4,0,0,11/08/2017 09:45:11,112276126,8,0,0.0,0.0,0.0,0.0,0.0,0.0,0,0,0,0,0.0,0.07125290375622685,1.603944657142857E7,1.9979660511604913E7,3.8139371E7,22.0,1.12276126E8,1.603944657142857E7,1.9979660511604913E7,3.8139371E7,22.0,0,0,0,0,0,0,0,0,0,0,0,0.07125290375622685,0.0,0.0,0.0,0.0,0.0,0.0,0,0,0,0,0,0,0,0,0.0,0.0,0.0,0.0,0,0,0,0,0,0,0,8,0,0,0,-1,-1,0,0,33873.0,52216.5896147958,94159.0,2852.0,3.7391495E7,890881.273650423,3.8139371E7,3.6405854E7,BENIGN
172.217.10.99-10.42.0.42-443-50693-6,172.217.10.99,443,10.42.0.42,50693,6,11/08/2017 09:48:13,256020,2,1,0.0,0.0,0.0,0.0,0.0,0.0,0.0,0.0,0.0,0.0,0.0,11.717834544176235,128010.0,164891.6445184534,244606.0,11414.0,256020.0,256020.0,0.0,256020.0,256020.0,0,0,0,0,0,0,0,0,0,64,32,7.81188969611749,3.905944848058745,0.0,0.0,0.0,0.0,0.0,0,0,0,0,1,1,0,0,0.0,0.0,0.0,0.0,64,0,0,0,0,0,0,2,0,1,0,175,1956,0,32,0,0,0,0,0,0,0,0,BENIGN
169.45.214.229-10.42.0.42-5222-41924-6,10.42.0.42,41924,169.45.214.229,5222,6,11/08/2017 09:45:29,21917177,17,13,422.0,275.0,243.0,0.0,24.823529411764707,59.116659342056074,67.0,0.0,21.153846153846153,25.07603820996635,31.801540864500936,1.3687894202798108,755764.724137931,3072962.2114546425,1.6490943E7,462.0,2.1917177E7,1369823.5625,4093620.7143301717,1.6490943E7,462.0,2.1842473E7,1820206.0833333335,4713453.749292232,1.6566445E7,8167.0,1,0,0,0,544,416,0.7756473381585595,0.5931420821212513,0.0,243.0,22.580645161290327,46.17270058779205,2131.9182795698925,0,1,0,0,1,0,0,0,0.0,23.333333333333332,24.823529411764707,21.153846153846153,544,0,0,0,0,0,0,17,422,13,275,1480,514,10,32,5300670.0,0.0,5300670.0,5300670.0,1.6490943E7,0.0,1.6490943E7,1.6490943E7,BENIGN
209.85.201.113-10.42.0.42-443-53852-6,209.85.201.113,443,10.42.0.42,53852,6,11/08/2017 09:48:36,260559,2,1,0.0,0.0,0.0,0.0,0.0,0.0,0.0,0.0,0.0,0.0,0.0,11.51370706826477,130279.5,138641.7194804652,228314.0,32245.0,260559.0,260559.0,0.0,260559.0,260559.0,0,0,0,0,0,0,0,0,0,64,32,7.675804712176514,3.837902356088257,0.0,0.0,0.0,0.0,0.0,0,0,0,0,1,1,0,0,0.0,0.0,0.0,0.0,64,0,0,0,0,0,0,2,0,1,0,190,1727,0,32,0,0,0,0,0,0,0,0,BENIGN
172.217.6.202-10.42.0.42-443-51192-6,172.217.6.202,443,10.42.0.42,51192,6,11/08/2017 09:48:58,13,2,0,55.0,0.0,55.0,0.0,27.5,38.890872965260115,0,0,0,0,4230769.230769231,153846.15384615384,13.0,0.0,13.0,13.0,13.0,13.0,0.0,13.0,13.0,0,0,0,0,0,1,0,0,0,64,0,153846.15384615384,0.0,0.0,55.0,36.66666666666667,31.754264805429415,1008.3333333333333,0,1,0,0,1,0,0,0,0.0,55.0,27.5,0.0,64,0,0,0,0,0,0,2,55,0,0,190,-1,0,32,0,0,0,0,0,0,0,0,BENIGN
172.217.6.202-10.42.0.42-443-51192-6,172.217.6.202,443,10.42.0.42,51192,6,11/08/2017 09:48:58,72642,1,4,0.0,61.0,0.0,0.0,0.0,0.0,38.0,0.0,15.25,18.64358692240668,839.7345888053743,68.83070400044052,18160.5,27651.150265404875,58596.0,306.0,0,0,0,0,0,14046.0,4682.0,7540.516759480082,13389.0,306.0,0,0,0,0,32,140,13.766140800088104,55.06456320035242,0.0,38.0,10.166666666666666,16.448910804872966,270.56666666666666,0,0,0,0,1,1,0,0,4.0,12.2,0.0,15.25,32,0,0,0,0,0,0,1,0,4,61,190,2363,0,32,0,0,0,0,0,0,0,0,BENIGN
172.217.12.138-10.42.0.42-443-34705-6,10.42.0.42,34705,172.217.12.138,443,6,11/08/2017 09:45:11,432427,13,13,3577.0,4823.0,1368.0,0.0,275.15384615384613,500.2162609235206,1418.0,0.0,371.00000000000006,528.3180860050128,19425.24402962812,60.12575532980133,17297.080000000005,21274.868505116545,82179.0,6.0,432427.0,36035.58333333333,40675.80329532162,144638.0,192.0,369954.0,30829.499999999996,40467.29095432282,103409.0,6.0,0,0,0,0,424,424,30.062877664900665,30.062877664900665,0.0,1418.0,311.11111111111114,500.4713419393404,250471.56410256418,0,0,0,1,0,0,0,0,1.0,323.0769230769231,275.15384615384613,371.0,424,0,0,0,0,0,0,13,3577,13,4823,65535,196,6,32,0,0,0,0,0,0,0,0,BENIGN
216.58.217.164-10.42.0.42-443-54840-6,10.42.0.42,54840,216.58.217.164,443,6,11/08/2017 09:45:29,303746,10,18,1243.0,15305.0,683.0,0.0,124.3,254.104549786544,1418.0,0.0,850.2777777777777,651.7434361280117,54479.729774219246,92.18228388192766,11249.851851851852,20808.864680344774,82129.0,18.0,303746.0,33749.555555555555,33060.19972380351,84677.0,46.0,257609.0,15153.470588235297,26477.528571690862,88886.0,18.0,0,0,0,0,328,584,32.92224424354559,59.26003963838207,0.0,1418.0,570.6206896551724,641.6379382816797,411699.24384236464,0,0,0,1,0,0,0,0,1.0,591.0,124.3,850.2777777777778,328,0,0,0,0,0,0,10,1243,18,15305,65535,176,3,32,0,0,0,0,0,0,0,0,BENIGN
172.217.12.138-10.42.0.42-443-56301-6,10.42.0.42,56301,172.217.12.138,443,6,11/08/2017 09:45:29,506519,15,15,1191.0,4367.0,772.0,0.0,79.40000000000002,198.2771509060703,1418.0,0.0,291.13333333333327,506.1958777653831,10972.934875098465,59.22778809876825,17466.172413793105,36994.84884323083,186202.0,7.0,430872.0,30776.571428571424,60602.16150843553,228943.0,99.0,470455.0,33603.92857142857,55119.23401341201,186202.0,7.0,0,0,0,0,488,488,29.613894049384125,29.613894049384125,0.0,1418.0,179.29032258064518,387.60471217881985,150237.41290322578,0,0,0,1,0,0,0,0,1.0,185.26666666666668,79.4,291.1333333333333,488,0,0,0,0,0,0,15,1191,15,4367,65535,176,7,32,0,0,0,0,0,0,0,0,BENIGN
172.217.12.138-10.42.0.42-443-56301-6,10.42.0.42,56301,172.217.12.138,443,6,11/08/2017 09:49:30,11,1,1,55.0,0.0,55.0,55.0,55.0,0.0,0.0,0.0,0.0,0.0,5000000.0,181818.18181818182,11.0,0.0,11.0,11.0,0,0,0,0,0,0,0,0,0,0,1,0,0,0,32,32,90909.09090909091,90909.09090909091,0.0,55.0,36.66666666666667,31.754264805429415,1008.3333333333333,0,1,0,0,1,0,0,0,1.0,55.0,55.0,0.0,32,0,0,0,0,0,0,1,55,1,0,176,176,0,32,0,0,0,0,0,0,0,0,BENIGN
172.217.12.138-10.42.0.42-443-56301-6,172.217.12.138,443,10.42.0.42,56301,6,11/08/2017 09:49:30,151966,1,4,0.0,61.0,0.0,0.0,0.0,0.0,38.0,0.0,15.25,18.64358692240668,401.40557756340235,32.90209652159036,37991.5,46269.00965369081,97772.0,882.0,0,0,0,0,0,54194.0,18064.666666666668,28788.187878595854,51300.0,882.0,0,0,0,0,32,140,6.580419304318071,26.321677217272285,0.0,38.0,10.166666666666666,16.448910804872966,270.56666666666666,0,0,0,0,1,1,0,0,4.0,12.2,0.0,15.25,32,0,0,0,0,0,0,1,0,4,61,176,1548,0,32,0,0,0,0,0,0,0,0,BENIGN
172.217.12.138-10.42.0.42-443-44314-6,10.42.0.42,44314,172.217.12.138,443,6,11/08/2017 09:45:33,318712,9,9,682.0,4824.0,331.0,0.0,75.77777777777777,124.6903943551565,1418.0,0.0,536.0,567.5361221984025,17275.78503476493,56.47732121790206,18747.764705882353,27993.443963563615,94480.0,18.0,318712.0,39839.0,36300.559873683174,94480.0,2598.0,267583.0,33447.875,52291.71737047437,138277.0,18.0,0,0,0,0,296,296,28.23866060895103,28.23866060895103,0.0,1418.0,289.7894736842105,456.00457830881095,207940.17543859652,0,0,0,1,0,0,0,0,1.0,305.8888888888889,75.77777777777777,536.0,296,0,0,0,0,0,0,9,682,9,4824,65535,175,3,32,0,0,0,0,0,0,0,0,BENIGN
172.217.12.138-10.42.0.42-443-44314-6,10.42.0.42,44314,172.217.12.138,443,6,11/08/2017 09:49:33,243416,1,1,0.0,0.0,0.0,0.0,0.0,0.0,0.0,0.0,0.0,0.0,0.0,8.216386761757649,243416.0,0.0,243416.0,243416.0,0,0,0,0,0,0,0,0,0,0,0,0,0,0,32,32,4.1081933808788245,4.1081933808788245,0.0,0.0,0.0,0.0,0.0,0,0,0,0,1,1,0,0,1.0,0.0,0.0,0.0,32,0,0,0,0,0,0,1,0,1,0,175,175,0,32,0,0,0,0,0,0,0,0,BENIGN
172.217.12.176-10.42.0.42-443-52731-6,10.42.0.42,52731,172.217.12.176,443,6,11/08/2017 09:45:33,1069893,18,12,1872.0,10705.0,260.0,0.0,104.0,123.03801421177306,1418.0,0.0,892.0833333333333,501.15511268438337,11755.381145591195,28.040187196289722,36892.862068965514,74927.09073002909,408938.0,11.0,1069893.0,62934.88235294118,92758.67472094076,408938.0,67.0,992588.0,90235.27272727274,127799.61020604947,453958.0,11.0,0,0,0,0,584,392,16.824112317773835,11.216074878515888,0.0,1418.0,405.7096774193549,505.3679315474609,255396.74623655915,0,0,0,1,0,0,0,0,0.0,419.23333333333335,104.0,892.0833333333334,584,0,0,0,0,0,0,18,1872,12,10705,65535,195,8,32,0,0,0,0,0,0,0,0,BENIGN
172.217.9.227-10.42.0.42-443-39672-6,10.42.0.42,39672,172.217.9.227,443,6,11/08/2017 09:45:40,79941,29,42,257.0,59375.0,257.0,0.0,8.862068965517238,47.723701911502324,1418.0,1237.0,1413.6904761904761,27.928906343138635,745950.1382269424,888.1550143230633,1142.014285714286,6060.24287429515,50936.0,1.0,79941.0,2855.0357142857138,11552.05175453339,61454.0,1.0,25028.0,610.4390243902438,587.6681056846837,1688.0,2.0,1,0,0,0,928,1344,362.7675410615329,525.3874732615304,0.0,1418.0,831.7916666666665,694.9189827639146,482912.3926056338,0,1,0,0,1,0,0,0,1.0,843.5070422535211,8.862068965517242,1413.6904761904761,928,0,0,0,0,0,0,29,257,42,59375,3494,183,0,32,0,0,0,0,0,0,0,0,BENIGN
172.217.9.227-10.42.0.42-443-39672-6,10.42.0.42,39672,172.217.9.227,443,6,11/08/2017 09:49:40,246309,1,1,0.0,0.0,0.0,0.0,0.0,0.0,0.0,0.0,0.0,0.0,0.0,8.119881936916638,246309.0,0.0,246309.0,246309.0,0,0,0,0,0,0,0,0,0,0,0,0,0,0,32,32,4.059940968458319,4.059940968458319,0.0,0.0,0.0,0.0,0.0,0,0,0,0,1,1,0,0,1.0,0.0,0.0,0.0,32,0,0,0,0,0,0,1,0,1,0,183,183,0,32,0,0,0,0,0,0,0,0,BENIGN
8.0.6.4-8.6.0.1-0-0-0,8.6.0.1,0,8.0.6.4,0,0,11/08/2017 09:47:21,115607556,12,0,0.0,0.0,0.0,0.0,0.0,0.0,0,0,0,0,0.0,0.10379944369726145,1.0509777818181818E7,1.5539077556288388E7,4.173116E7,15.0,1.15607556E8,1.0509777818181818E7,1.5539077556288388E7,4.173116E7,15.0,0,0,0,0,0,0,0,0,0,0,0,0.10379944369726145,0.0,0.0,0.0,0.0,0.0,0.0,0,0,0,0,0,0,0,0,0.0,0.0,0.0,0.0,0,0,0,0,0,0,0,12,0,0,0,-1,-1,0,0,110645.75,112688.54409499663,252951.0,23.0,2.87912395E7,1.0228072493861767E7,4.173116E7,1.6747108E7,BENIGN
172.217.12.138-10.42.0.42-443-45277-6,10.42.0.42,45277,172.217.12.138,443,6,11/08/2017 09:45:47,1731611,13,18,4265.0,9876.0,1368.0,0.0,328.0769230769231,514.8649437050558,1418.0,0.0,548.6666666666666,657.7284438750942,8166.383789430767,17.90240417738164,57720.366666666654,160242.98321191483,852204.0,5.0,1731611.0,144300.9166666667,268105.27569881553,852204.0,952.0,1686046.0,99179.17647058824,243940.2527324148,1007418.0,5.0,0,0,0,0,436,584,7.507459816321333,10.394944361060308,0.0,1418.0,441.90625000000006,598.4988942439998,358200.9264112904,0,0,0,1,0,0,0,0,1.0,456.16129032258067,328.0769230769231,548.6666666666666,436,0,0,0,0,0,0,13,4265,18,9876,65535,213,6,32,0,0,0,0,0,0,0,0,BENIGN
172.217.12.138-10.42.0.42-443-34705-6,10.42.0.42,34705,172.217.12.138,443,6,11/08/2017 09:49:12,52279630,4,0,31.0,0.0,31.0,0.0,7.75,15.500000000000002,0,0,0,0,0.5929651759203346,0.07651163560262382,1.7426543333333336E7,3.0062393305907503E7,5.2139513E7,820.0,5.227963E7,1.7426543333333336E7,3.0062393305907503E7,5.2139513E7,820.0,0,0,0,0,0,0,0,0,0,128,0,0.07651163560262382,0.0,0.0,31.0,6.2,13.863621460498695,192.2,0,0,0,0,1,1,0,0,0.0,7.75,7.75,0.0,128,0,0,0,0,0,0,4,31,0,0,196,-1,1,32,139297.0,0.0,139297.0,139297.0,5.2139513E7,0.0,5.2139513E7,5.2139513E7,BENIGN
172.217.5.228-10.42.0.42-443-49348-6,10.42.0.42,49348,172.217.5.228,443,6,11/08/2017 09:45:49,16900965,13,13,3250.0,1755.0,1188.0,0.0,249.99999999999997,464.5045747890972,597.0,0.0,135.0,208.06329165264432,296.13693655953966,1.538373696413193,676038.6000000001,3294089.212232824,1.6486749E7,6.0,1.6900965E7,1408413.7499999995,4748936.583557363,1.6486749E7,10.0,1.6854465E7,1404538.75,4776609.810563405,1.657124E7,26.0,1,0,0,0,416,428,0.7691868482065966,0.7691868482065966,0.0,1188.0,229.3703703703703,399.4677370382656,159574.47293447296,0,1,0,0,1,0,0,0,1.0,238.19230769230768,250.0,135.0,416,0,0,0,0,0,0,13,3250,13,1755,1593,206,4,32,109464.0,0.0,109464.0,109464.0,1.6486749E7,0.0,1.6486749E7,1.6486749E7,BENIGN
172.217.10.110-10.42.0.42-443-48937-6,10.42.0.42,48937,172.217.10.110,443,6,11/08/2017 09:46:21,241989,7,10,1359.0,5212.0,908.0,0.0,194.14285714285714,332.38252489735805,1418.0,0.0,521.1999999999999,618.0592923732228,27154.12684047622,70.2511271173483,15124.312499999998,21378.960295015127,73978.0,6.0,241989.0,40331.5,24575.34194065263,82052.0,6791.0,199003.0,22111.444444444445,33807.5753201524,82175.0,6.0,0,0,0,0,232,328,28.926934695378716,41.32419242196959,0.0,1418.0,365.05555555555554,524.8192374771944,275435.2320261438,0,0,0,1,0,0,0,0,1.0,386.52941176470586,194.14285714285714,521.2,232,0,0,0,0,0,0,7,1359,10,5212,65535,185,3,32,0,0,0,0,0,0,0,0,BENIGN
172.217.12.138-10.42.0.42-443-41489-6,10.42.0.42,41489,172.217.12.138,443,6,11/08/2017 09:46:18,5784150,99,63,106365.0,7048.0,1368.0,0.0,1074.3939393939395,532.6268904708907,1418.0,0.0,111.87301587301593,307.86824224445974,19607.548213652826,28.007572417727754,35926.39751552794,165668.07893500783,1499624.0,3.0,5784150.0,59021.93877551021,216313.24524453658,1499624.0,3.0,5712416.0,92135.7419354839,272229.35490850266,1572045.0,7.0,0,0,0,0,3200,2024,17.115738699722517,10.891833718005238,0.0,1418.0,695.7852760736196,656.5603950699891,431071.55237446015,0,0,0,1,0,0,0,0,0.0,700.0802469135803,1074.3939393939395,111.87301587301587,3200,0,0,0,0,0,0,99,106365,63,7048,65535,811,86,32,0,0,0,0,0,0,0,0,BENIGN
172.217.12.138-10.42.0.42-443-37371-6,10.42.0.42,37371,172.217.12.138,443,6,11/08/2017 09:46:24,615414,13,10,6525.0,1316.0,1368.0,0.0,501.9230769230769,576.2241261781248,562.0,0.0,131.60000000000002,226.14361218777182,12741.016616456563,37.37321542896326,27973.363636363636,60492.75258168611,282622.0,26.0,615414.0,51284.5,78907.35969304304,282622.0,45.0,574499.0,63833.22222222222,104453.94654078153,333354.0,26.0,0,0,0,0,424,328,21.12399132941402,16.249224099549245,0.0,1368.0,326.70833333333326,481.44677607021714,231790.99818840582,0,0,0,1,0,0,0,0,0.0,340.9130434782609,501.9230769230769,131.6,424,0,0,0,0,0,0,13,6525,10,1316,65535,234,8,32,0,0,0,0,0,0,0,0,BENIGN
172.217.12.138-10.42.0.42-443-37371-6,10.42.0.42,37371,172.217.12.138,443,6,11/08/2017 09:50:24,240953,1,1,0.0,0.0,0.0,0.0,0.0,0.0,0.0,0.0,0.0,0.0,0.0,8.30037393184563,240953.0,0.0,240953.0,240953.0,0,0,0,0,0,0,0,0,0,0,0,0,0,0,32,32,4.150186965922815,4.150186965922815,0.0,0.0,0.0,0.0,0.0,0,0,0,0,1,1,0,0,1.0,0.0,0.0,0.0,32,0,0,0,0,0,0,1,0,1,0,234,234,0,32,0,0,0,0,0,0,0,0,BENIGN
172.217.10.46-10.42.0.42-443-58380-6,10.42.0.42,58380,172.217.10.46,443,6,11/08/2017 09:45:06,88368765,77,95,53510.0,46687.0,1368.0,0.0,694.935064935065,645.1938985921889,1418.0,0.0,491.442105263158,600.7376797824609,1133.850857822897,1.9463890889501512,516776.4035087719,3622724.6887365635,3.5401116E7,2.0,8.8368765E7,1162746.9078947369,5384380.257203919,3.5401116E7,2.0,8.832114E7,939586.5957446806,4865454.37031872,3.5444736E7,3.0,0,0,0,0,2472,3048,0.8713486037741955,1.0750404851759556,0.0,1418.0,579.1734104046246,627.1876541155202,393364.3534749294,0,0,0,1,0,0,0,0,1.0,582.5406976744187,694.9350649350649,491.4421052631579,2472,0,0,0,0,0,0,77,53510,95,46687,65535,612,45,32,3310901.0,2746162.2022122075,5267396.0,171519.0,2.6068104333333332E7,1.0441602893395359E7,3.5401116E7,1.4791134E7,BENIGN
169.45.214.229-10.42.0.42-5222-41924-6,10.42.0.42,41924,169.45.214.229,5222,6,11/08/2017 09:48:21,23072462,8,5,102.0,76.0,37.0,0.0,12.750000000000002,16.420805617960927,39.0,0.0,15.2,20.825465180878915,7.714824711814456,0.56344225423364,1922705.1666666665,6492522.70093678,2.2538308E7,4033.0,2.3072462E7,3296066.0,8517098.62513904,2.2610385E7,11727.0,2.2806401E7,5701600.25,1.1272857407137947E7,2.2610877E7,49537.0,1,0,0,0,268,160,0.34673369491300926,0.2167085593206308,0.0,39.0,15.35714285714286,17.85672526984266,318.86263736263743,0,1,0,0,1,0,0,0,0.0,16.53846153846154,12.75,15.2,268,0,0,0,0,0,0,8,102,5,76,514,514,4,32,405917.0,0.0,405917.0,405917.0,2.2538308E7,0.0,2.2538308E7,2.2538308E7,BENIGN
172.217.11.8-10.42.0.42-443-48731-6,10.42.0.42,48731,172.217.11.8,443,6,11/08/2017 09:47:16,292560,9,7,878.0,4436.0,618.0,0.0,97.55555555555556,204.36493774074307,1418.0,0.0,633.7142857142857,612.6186182516586,18163.795460760186,54.68963631391851,19503.999999999996,20663.201041603264,57889.0,13.0,292560.0,36570.0,31277.16792988594,87736.0,1382.0,217421.0,36236.833333333336,39325.96051168575,99841.0,13.0,0,0,0,0,296,232,30.762920426579164,23.926715887339352,0.0,1418.0,312.5882352941176,488.7257741852185,238852.88235294117,0,0,0,1,0,0,0,0,0.0,332.125,97.55555555555556,633.7142857142857,296,0,0,0,0,0,0,9,878,7,4436,65535,175,3,32,0,0,0,0,0,0,0,0,BENIGN
169.45.214.229-10.42.0.42-5222-41924-6,10.42.0.42,41924,169.45.214.229,5222,6,11/08/2017 09:51:14,395736,4,2,64.0,0.0,37.0,0.0,16.0,17.60681686165901,0.0,0.0,0.0,0.0,161.7239776012291,15.16162290011523,79147.2,87329.5491182681,226059.0,9103.0,324125.0,108041.66666666667,107232.81230264052,226059.0,16586.0,80714.0,80714.0,0.0,80714.0,80714.0,1,0,0,0,128,64,10.10774860007682,5.05387430003841,0.0,37.0,14.428571428571427,17.633841922632204,310.95238095238096,0,1,0,0,1,0,0,0,0.0,16.833333333333332,16.0,0.0,128,0,0,0,0,0,0,4,64,2,0,514,514,2,32,0,0,0,0,0,0,0,0,BENIGN
8.0.6.4-8.6.0.1-0-0-0,8.6.0.1,0,8.0.6.4,0,0,11/08/2017 09:49:45,94306441,10,0,0.0,0.0,0.0,0.0,0.0,0.0,0,0,0,0,0.0,0.10603729601035415,1.0478493444444444E7,1.7485871947006363E7,4.149002E7,24.0,9.4306441E7,1.0478493444444444E7,1.7485871947006363E7,4.149002E7,24.0,0,0,0,0,0,0,0,0,0,0,0,0.10603729601035415,0.0,0.0,0.0,0.0,0.0,0.0,0,0,0,0,0,0,0,0,0.0,0.0,0.0,0.0,0,0,0,0,0,0,0,10,0,0,0,-1,-1,0,0,128751.33333333334,120213.33187435298,238095.0,24.0,3.1273915E7,1.5811403227153465E7,4.149002E7,1.3061517E7,BENIGN
172.217.6.202-10.42.0.42-443-58620-6,10.42.0.42,58620,172.217.6.202,443,6,11/08/2017 09:50:44,259311,9,10,1176.0,4807.0,824.0,0.0,130.66666666666666,272.0900586203031,1418.0,0.0,480.70000000000005,551.5437023079455,23072.681066364326,73.27109146931676,14406.16666666667,19625.171367554536,68427.0,6.0,259311.0,32413.875,29962.999994934227,81113.0,32.0,212451.0,23605.66666666667,32790.93417775712,78057.0,6.0,0,0,0,0,296,328,34.70735911704478,38.56373235227198,0.0,1418.0,299.15,459.0976590294442,210770.66052631577,0,0,0,1,0,0,0,0,1.0,314.89473684210526,130.66666666666666,480.7,296,0,0,0,0,0,0,9,1176,10,4807,65535,177,3,32,0,0,0,0,0,0,0,0,BENIGN
172.217.6.202-10.42.0.42-443-58620-6,10.42.0.42,58620,172.217.6.202,443,6,11/08/2017 09:53:57,36662,1,1,0.0,0.0,0.0,0.0,0.0,0.0,0.0,0.0,0.0,0.0,0.0,54.55239757787355,36662.0,0.0,36662.0,36662.0,0,0,0,0,0,0,0,0,0,0,0,0,0,0,32,32,27.276198788936775,27.276198788936775,0.0,0.0,0.0,0.0,0.0,0,0,0,0,1,1,0,0,1.0,0.0,0.0,0.0,32,0,0,0,0,0,0,1,0,1,0,1681,177,0,32,0,0,0,0,0,0,0,0,BENIGN
172.217.6.202-10.42.0.42-443-59208-6,10.42.0.42,59208,172.217.6.202,443,6,11/08/2017 09:50:04,224486,10,9,3460.0,1179.0,1368.0,0.0,346.0,561.7348128788174,565.0,0.0,131.0,190.20712394650207,20664.985789759718,84.63779478453,12471.444444444447,17886.99286278168,52221.0,19.0,224486.0,24942.88888888889,31438.692392672936,92798.0,264.0,178108.0,22263.5,23855.89974348963,52221.0,19.0,0,0,0,0,328,296,44.546207781331574,40.09158700319842,0.0,1368.0,231.94999999999996,423.3287232101512,179207.2078947368,0,0,0,1,0,0,0,0,0.0,244.1578947368421,346.0,131.0,328,0,0,0,0,0,0,10,3460,9,1179,65535,202,5,32,0,0,0,0,0,0,0,0,BENIGN
169.45.214.229-10.42.0.42-5222-41924-6,10.42.0.42,41924,169.45.214.229,5222,6,11/08/2017 09:53:44,110298502,7,4,86.0,62.0,45.0,0.0,12.285714285714285,19.198214202665532,39.0,0.0,15.5,19.05255888325765,1.341813327618901,0.09972936894464804,1.10298502E7,3.4754273817198984E7,1.09942193E8,1307.0,1.10298502E8,1.8383083666666668E7,4.485464699693263E7,1.09942193E8,1307.0,1.10222946E8,3.6740982E7,6.355101133298224E7,1.10123369E8,49503.0,1,0,0,0,224,128,0.06346414387386694,0.03626522507078111,0.0,45.0,12.583333333333332,17.65043565433666,311.5378787878788,0,1,0,0,1,0,0,0,0.0,13.727272727272727,12.285714285714286,15.5,224,0,0,0,0,0,0,7,86,4,62,1480,514,3,32,230372.0,0.0,230372.0,230372.0,1.09942193E8,0.0,1.09942193E8,1.09942193E8,BENIGN
169.45.214.229-10.42.0.42-5222-41924-6,169.45.214.229,5222,10.42.0.42,41924,6,11/08/2017 09:55:34,35861,2,1,0.0,0.0,0.0,0.0,0.0,0.0,0.0,0.0,0.0,0.0,0.0,83.6563397562812,17930.5,20740.148998982626,32596.0,3265.0,35861.0,35861.0,0.0,35861.0,35861.0,0,0,0,0,0,0,0,0,0,64,32,55.77089317085414,27.88544658542707,0.0,0.0,0.0,0.0,0.0,0,0,0,0,1,1,0,0,0.0,0.0,0.0,0.0,64,0,0,0,0,0,0,2,0,1,0,514,1480,0,32,0,0,0,0,0,0,0,0,BENIGN
173.194.66.188-10.42.0.42-5228-37840-6,10.42.0.42,37840,173.194.66.188,5228,6,11/08/2017 09:45:15,919435,3,3,1563.0,338.0,1058.0,0.0,521.0,529.1814433632381,338.0,0.0,112.66666666666667,195.14439098609353,2067.5741080119856,6.525746790148298,183887.0,324722.6236590238,763527.0,2345.0,919435.0,459717.5,499905.40241579706,813204.0,106231.0,867413.0,433706.5,537007.2952246552,813428.0,53985.0,1,0,0,0,96,96,3.262873395074149,3.262873395074149,0.0,1058.0,343.7142857142857,390.8711272212852,152780.2380952381,0,1,0,0,1,0,0,0,1.0,401.0,521.0,112.66666666666667,96,0,0,0,0,0,0,3,1563,3,338,1638,215,1,32,0,0,0,0,0,0,0,0,BENIGN
8.0.6.4-8.6.0.1-0-0-0,8.6.0.1,0,8.0.6.4,0,0,11/08/2017 09:53:49,110182182,4,0,0.0,0.0,0.0,0.0,0.0,0.0,0,0,0,0,0.0,0.03630351048956355,3.6727394E7,6.335023957563191E7,1.09877927E8,102171.0,1.10182182E8,3.6727394E7,6.335023957563191E7,1.09877927E8,102171.0,0,0,0,0,0,0,0,0,0,0,0,0.03630351048956355,0.0,0.0,0.0,0.0,0.0,0.0,0,0,0,0,0,0,0,0,0.0,0.0,0.0,0.0,0,0,0,0,0,0,0,4,0,0,0,-1,-1,0,0,202084.0,0.0,202084.0,202084.0,1.09877927E8,0.0,1.09877927E8,1.09877927E8,BENIGN
8.0.6.4-8.6.0.1-0-0-0,8.6.0.1,0,8.0.6.4,0,0,11/08/2017 09:57:51,58677007,4,0,0.0,0.0,0.0,0.0,0.0,0.0,0,0,0,0,0.0,0.06816980286673449,1.9559002333333336E7,3.3741191391858846E7,5.8519963E7,52939.0,5.8677007E7,1.9559002333333336E7,3.3741191391858846E7,5.8519963E7,52939.0,0,0,0,0,0,0,0,0,0,0,0,0.06816980286673449,0.0,0.0,0.0,0.0,0.0,0.0,0,0,0,0,0,0,0,0,0.0,0.0,0.0,0.0,0,0,0,0,0,0,0,4,0,0,0,-1,-1,0,0,104105.0,0.0,104105.0,104105.0,5.8519963E7,0.0,5.8519963E7,5.8519963E7,BENIGN
10.42.0.42-52.85.101.13-55956-80-6,10.42.0.42,55956,52.85.101.13,80,6,11/08/2017 10:08:24,129076,36,44,263.0,59319.0,263.0,0.0,7.305555555555554,43.833333333333336,1448.0,0.0,1348.159090909091,337.3346928967022,461604.0162384952,619.7898912268741,1633.873417721519,5234.121772309206,29850.0,7.0,129076.0,3687.8857142857137,8585.456857799873,34886.0,7.0,93555.0,2175.6976744186045,7818.232370966153,48750.0,14.0,0,0,0,0,1160,1416,278.9054510520933,340.88444017478076,0.0,1448.0,735.5802469135803,716.8197797249588,513830.59660493844,0,0,0,1,0,0,0,0,1.0,744.775,7.305555555555555,1348.159090909091,1160,0,0,0,0,0,0,36,263,44,59319,65535,118,1,32,0,0,0,0,0,0,0,0,BENIGN
172.217.10.106-10.42.0.42-443-49271-6,10.42.0.42,49271,172.217.10.106,443,6,11/08/2017 10:08:26,402591,10,10,1355.0,4765.0,1003.0,0.0,135.5,314.3526858659094,1418.0,0.0,476.49999999999994,554.0138887147947,15201.532075977855,49.67820939862044,21189.0,33290.562144380936,113193.0,8.0,402591.0,44732.333333333336,38707.40339715388,113193.0,1324.0,249188.0,27687.55555555556,45029.164241386694,118665.0,8.0,0,0,0,0,328,328,24.83910469931022,24.83910469931022,0.0,1418.0,291.4285714285715,464.88294993778504,216116.15714285715,0,0,0,1,0,0,0,0,1.0,306.0,135.5,476.5,328,0,0,0,0,0,0,10,1355,10,4765,65535,181,3,32,0,0,0,0,0,0,0,0,BENIGN
173.194.66.188-10.42.0.42-5228-37840-6,10.42.0.42,37840,173.194.66.188,5228,6,11/08/2017 09:57:46,211983,3,1,50.0,0.0,27.0,0.0,16.666666666666668,14.571661996262929,0.0,0.0,0.0,0.0,235.86797054480783,18.869437643584625,70661.0,45091.56404473014,122435.0,39995.0,162430.0,81215.0,58293.88304101898,122435.0,39995.0,0,0,0,0,0,1,0,0,0,96,32,14.15207823268847,4.717359410896156,0.0,27.0,14.6,13.427583550289308,180.3,0,1,0,0,1,0,0,0,0.0,18.25,16.666666666666668,0.0,96,0,0,0,0,0,0,3,50,1,0,215,215,1,32,0,0,0,0,0,0,0,0,BENIGN
10.42.0.42-31.13.80.5-50885-443-6,10.42.0.42,50885,31.13.80.5,443,6,11/08/2017 09:58:45,135523,2,2,31.0,31.0,31.0,0.0,15.5,21.920310216782973,31.0,0.0,15.5,21.920310216782973,457.48692103923315,29.515285228337625,45174.33333333333,53365.78990639353,106131.0,6878.0,135523.0,135523.0,0.0,135523.0,135523.0,106131.0,106131.0,0.0,106131.0,106131.0,1,0,0,0,64,64,14.757642614168812,14.757642614168812,0.0,31.0,18.6,16.97939928266015,288.30000000000007,0,1,0,0,1,0,0,0,1.0,23.25,15.5,15.5,64,0,0,0,0,0,0,2,31,2,31,1550,122,0,32,0,0,0,0,0,0,0,0,BENIGN
10.42.0.42-31.13.80.5-50885-443-6,10.42.0.42,50885,31.13.80.5,443,6,11/08/2017 10:08:34,18,1,1,31.0,0.0,31.0,31.0,31.0,0.0,0.0,0.0,0.0,0.0,1722222.2222222222,111111.11111111111,18.0,0.0,18.0,18.0,0,0,0,0,0,0,0,0,0,0,1,0,0,0,32,32,55555.555555555555,55555.555555555555,0.0,31.0,20.666666666666664,17.8978583448784,320.33333333333337,0,1,0,0,1,0,0,0,1.0,31.0,31.0,0.0,32,0,0,0,0,0,0,1,31,1,0,122,122,0,32,0,0,0,0,0,0,0,0,BENIGN
172.217.12.194-10.42.0.42-443-41549-6,10.42.0.42,41549,172.217.12.194,443,6,11/08/2017 10:08:36,272637,10,8,853.0,4330.0,470.0,0.0,85.3,154.9380162803464,1418.0,0.0,541.25,635.9026767404854,19010.625850489843,66.02185323342026,16037.47058823529,21565.51186535358,76203.0,18.0,272637.0,30293.0,28637.930712605616,84124.0,683.0,232251.0,33178.71428571429,36812.08694488938,81629.0,18.0,0,0,0,0,328,264,36.67880735190014,29.343045881520116,0.0,1418.0,272.7894736842106,474.2926404361867,224953.50877192983,0,0,0,1,0,0,0,0,0.0,287.94444444444446,85.3,541.25,328,0,0,0,0,0,0,10,853,8,4330,65535,175,4,32,0,0,0,0,0,0,0,0,BENIGN
172.217.12.194-10.42.0.42-443-41549-6,172.217.12.194,443,10.42.0.42,41549,6,11/08/2017 10:08:36,188,2,0,0.0,0.0,0.0,0.0,0.0,0.0,0,0,0,0,0.0,10638.297872340427,188.0,0.0,188.0,188.0,188.0,188.0,0.0,188.0,188.0,0,0,0,0,0,0,0,0,0,64,0,10638.297872340427,0.0,0.0,0.0,0.0,0.0,0.0,0,0,0,0,1,0,0,0,0.0,0.0,0.0,0.0,64,0,0,0,0,0,0,2,0,0,0,175,-1,0,32,0,0,0,0,0,0,0,0,BENIGN
172.217.10.106-10.42.0.42-443-35488-6,10.42.0.42,35488,172.217.10.106,443,6,11/08/2017 10:08:33,5273254,15,15,987.0,8099.0,607.0,0.0,65.79999999999998,159.142882790457,1418.0,0.0,539.9333333333333,593.3839357769093,1723.0347713195686,5.689086852254794,181836.3448275862,906088.5774919058,4891544.0,9.0,5273254.0,376661.0,1321925.0684229129,4968780.0,114.0,345485.0,24677.5,36763.03747338121,102364.0,9.0,0,0,0,0,488,488,2.844543426127397,2.844543426127397,0.0,1418.0,293.0967741935484,485.07115318880176,235294.02365591397,0,0,0,1,0,0,0,0,1.0,302.8666666666667,65.8,539.9333333333333,488,0,0,0,0,0,0,15,987,15,8099,65535,175,5,32,0,0,0,0,0,0,0,0,BENIGN
137.116.195.37-10.42.0.42-443-46975-6,10.42.0.42,46975,137.116.195.37,443,6,11/08/2017 10:08:48,1558165,10,7,1391.0,4224.0,885.0,0.0,139.1,276.00460946231397,1448.0,0.0,603.4285714285714,632.8685638010622,3603.597821796793,10.910269451566426,97385.3125,173345.61714129327,705312.0,7.0,1558165.0,173129.44444444444,217935.56193466403,705312.0,1596.0,680210.0,113368.33333333333,108084.450581324,275511.0,7.0,0,0,0,0,328,232,6.417805559744957,4.492463891821469,0.0,1448.0,311.9444444444445,489.8706278459077,239973.23202614379,0,0,0,1,0,0,0,0,0.0,330.29411764705884,139.1,603.4285714285714,328,0,0,0,0,0,0,10,1391,7,4224,65535,510,4,32,0,0,0,0,0,0,0,0,BENIGN
137.116.195.37-10.42.0.42-443-46975-6,137.116.195.37,443,10.42.0.42,46975,6,11/08/2017 10:08:50,85724,2,0,0.0,0.0,0.0,0.0,0.0,0.0,0,0,0,0,0.0,23.330689188558633,85724.0,0.0,85724.0,85724.0,85724.0,85724.0,0.0,85724.0,85724.0,0,0,0,0,0,0,0,0,0,64,0,23.330689188558633,0.0,0.0,0.0,0.0,0.0,0.0,0,0,0,0,1,0,0,0,0.0,0.0,0.0,0.0,64,0,0,0,0,0,0,2,0,0,0,510,-1,0,32,0,0,0,0,0,0,0,0,BENIGN
172.217.10.238-10.42.0.42-443-39427-6,10.42.0.42,39427,172.217.10.238,443,6,11/08/2017 10:08:41,10093989,10,7,454.0,4571.0,199.0,0.0,45.4,78.25485430452363,1418.0,0.0,653.0,681.7880902450555,497.8210299218673,1.6841706484918895,630874.3125,2410153.541863691,9667878.0,10.0,1.0093989E7,1121554.3333333333,3205154.5227269465,9667878.0,810.0,350877.0,58479.5,73723.2753307936,184568.0,10.0,0,0,0,0,328,232,0.990688616759935,0.6934820317319544,0.0,1418.0,279.16666666666663,511.44469541739136,261575.67647058822,0,0,0,1,0,0,0,0,0.0,295.5882352941176,45.4,653.0,328,0,0,0,0,0,0,10,454,7,4571,65535,175,3,32,0,0,0,0,0,0,0,0,BENIGN
172.217.10.106-10.42.0.42-443-53519-6,10.42.0.42,53519,172.217.10.106,443,6,11/08/2017 10:08:43,8458847,14,11,444.0,4260.0,202.0,0.0,31.714285714285715,55.70033637714831,1418.0,0.0,387.27272727272725,594.5455560188959,556.104159349377,2.9554855407598692,352451.9583333333,1682011.114360929,8248979.0,14.0,8458847.0,650680.5384615385,2295099.442301234,8289010.0,51.0,172706.0,17270.6,20540.2918468934,45635.0,14.0,0,0,0,0,456,360,1.6550719028255267,1.3004136379343425,0.0,1418.0,180.92307692307696,418.95001354117875,175519.11384615384,0,0,0,1,0,0,0,0,0.0,188.16,31.714285714285715,387.27272727272725,456,0,0,0,0,0,0,14,444,11,4260,65535,170,6,32,0,0,0,0,0,0,0,0,BENIGN
172.217.20.99-10.42.0.42-443-60730-6,10.42.0.42,60730,172.217.20.99,443,6,11/08/2017 10:08:37,14282290,17,19,1260.0,4977.0,367.0,0.0,74.11764705882354,117.05227590319484,1418.0,0.0,261.94736842105266,506.05176213991416,436.6946757137686,2.5206041888240613,408065.42857142864,1762329.156217691,1.0194253E7,15.0,1.428229E7,892643.125,2607849.7804901744,1.0314552E7,46.0,3967708.0,220428.22222222222,655597.1845236673,2828355.0,15.0,0,0,0,0,552,616,1.19028531138914,1.3303188774349213,0.0,1418.0,168.56756756756758,379.12747347184046,143737.6411411411,0,0,0,1,0,0,0,0,1.0,173.25,74.11764705882354,261.94736842105266,552,0,0,0,0,0,0,17,1260,19,4977,65535,179,8,32,0,0,0,0,0,0,0,0,BENIGN
172.217.9.234-10.42.0.42-443-58571-6,10.42.0.42,58571,172.217.9.234,443,6,11/08/2017 10:08:40,11118769,15,15,2764.0,4672.0,1368.0,0.0,184.26666666666665,406.6972314821409,1418.0,0.0,311.4666666666667,497.01004109814613,668.77907077663,2.6981404146448225,383405.82758620696,1986999.5813843487,1.0714098E7,8.0,1.1118769E7,794197.7857142857,2865815.2317876904,1.0750317E7,53.0,368369.0,26312.071428571435,33044.83430470298,99158.0,8.0,0,0,0,0,488,488,1.3490702073224112,1.3490702073224112,0.0,1418.0,239.87096774193557,445.5224455202741,198490.2494623656,0,0,0,1,0,0,0,0,1.0,247.86666666666667,184.26666666666668,311.46666666666664,488,0,0,0,0,0,0,15,2764,15,4672,65535,192,6,32,0,0,0,0,0,0,0,0,BENIGN
10.42.0.42-104.46.105.95-49468-443-6,10.42.0.42,49468,104.46.105.95,443,6,11/08/2017 10:08:48,8322929,12,6,1213.0,4262.0,850.0,0.0,101.08333333333333,244.79284687014012,1448.0,0.0,710.3333333333334,639.0657764789684,657.821303053288,2.162700174421769,489584.0588235294,1911047.5770636399,7904873.0,7.0,8322929.0,756629.9090909092,2370991.970924552,7904873.0,52.0,354359.0,70871.8,68463.17071024391,138707.0,7.0,0,0,0,0,392,200,1.4418001162811793,0.7209000581405897,0.0,1448.0,288.1578947368421,487.2584601805738,237420.80701754382,0,0,0,1,0,0,0,0,0.0,304.1666666666667,101.08333333333333,710.3333333333334,392,0,0,0,0,0,0,12,1213,6,4262,65535,1025,4,32,408207.0,0.0,408207.0,408207.0,7904873.0,0.0,7904873.0,7904873.0,BENIGN
10.42.0.42-104.46.105.95-49468-443-6,104.46.105.95,443,10.42.0.42,49468,6,11/08/2017 10:08:56,341,2,0,0.0,0.0,0.0,0.0,0.0,0.0,0,0,0,0,0.0,5865.102639296188,341.0,0.0,341.0,341.0,341.0,341.0,0.0,341.0,341.0,0,0,0,0,0,0,0,0,0,64,0,5865.102639296188,0.0,0.0,0.0,0.0,0.0,0.0,0,0,0,0,1,0,0,0,0.0,0.0,0.0,0.0,64,0,0,0,0,0,0,2,0,0,0,1025,-1,0,32,0,0,0,0,0,0,0,0,BENIGN
172.217.10.106-10.42.0.42-443-54882-6,10.42.0.42,54882,172.217.10.106,443,6,11/08/2017 10:08:45,12198527,54,70,8239.0,80528.0,1368.0,0.0,152.57407407407408,400.4051062692444,1418.0,0.0,1150.4000000000003,509.50733237033046,7276.862198198192,10.165161744528662,99175.01626016259,963564.4875692492,1.0687895E7,4.0,1.2198527E7,230160.8867924528,1465742.744858724,1.0687895E7,5.0,1471354.0,21323.97101449276,73086.1194174321,513236.0,4.0,0,0,0,0,1748,2260,4.426763985520547,5.738397759008116,0.0,1418.0,710.1359999999999,679.5946057239066,461848.82812903216,0,0,0,1,0,0,0,0,1.0,715.8629032258065,152.57407407407408,1150.4,1748,0,0,0,0,0,0,54,8239,70,80528,65535,242,10,32,0,0,0,0,0,0,0,0,BENIGN
10.42.0.42-23.99.113.163-36210-443-6,10.42.0.42,36210,23.99.113.163,443,6,11/08/2017 10:08:48,9123786,10,6,1438.0,4026.0,917.0,0.0,143.79999999999998,286.04770386928277,1448.0,0.0,671.0,645.7268772476488,598.8741954272052,1.753657966111875,608252.4,2057077.5583145272,8035100.0,4.0,9123786.0,1013754.0,2635401.7342534326,8035100.0,1227.0,807744.0,161548.8,149263.93935977973,305986.0,4.0,0,0,0,0,328,200,1.096036228819922,0.6576217372919531,0.0,1448.0,321.4117647058824,498.3260803459329,248328.88235294117,0,0,0,1,0,0,0,0,0.0,341.5,143.8,671.0,328,0,0,0,0,0,0,10,1438,6,4026,65535,510,4,32,1074553.0,0.0,1074553.0,1074553.0,8035100.0,0.0,8035100.0,8035100.0,BENIGN
10.42.0.42-23.99.113.163-36210-443-6,23.99.113.163,443,10.42.0.42,36210,6,11/08/2017 10:08:57,37,2,0,0.0,0.0,0.0,0.0,0.0,0.0,0,0,0,0,0.0,54054.05405405405,37.0,0.0,37.0,37.0,37.0,37.0,0.0,37.0,37.0,0,0,0,0,0,0,0,0,0,64,0,54054.05405405405,0.0,0.0,0.0,0.0,0.0,0.0,0,0,0,0,1,0,0,0,0.0,0.0,0.0,0.0,64,0,0,0,0,0,0,2,0,0,0,509,-1,0,32,0,0,0,0,0,0,0,0,BENIGN
157.56.52.23-10.42.0.42-40033-56535-6,10.42.0.42,56535,157.56.52.23,40033,6,11/08/2017 10:08:48,38664848,29,23,1102.0,1777.0,414.0,0.0,38.0,101.26450513383254,1379.0,0.0,77.2608695652174,285.9102238928895,74.46039875806572,1.344890842452038,758134.274509804,3310912.572492926,1.7794653E7,30.0,3.8664848E7,1380887.4285714286,4407252.727215476,1.7794653E7,298.0,2.0775525E7,944342.0454545454,3421288.823261776,1.6191799E7,30.0,0,0,0,0,936,744,0.7500352775213289,0.5948555649307091,0.0,1379.0,54.32075471698115,201.35538555431572,40543.991291727136,0,0,0,1,0,0,0,0,0.0,55.36538461538461,38.0,77.26086956521739,936,0,0,0,0,0,0,29,1102,23,1777,65535,33,11,32,3850747.0,0.0,3850747.0,3850747.0,1.6061353E7,0.0,1.6061353E7,1.6061353E7,BENIGN
10.42.0.42-65.52.108.74-58438-443-6,10.42.0.42,58438,65.52.108.74,443,6,11/08/2017 10:08:48,38663232,13,9,2261.0,5001.0,981.0,0.0,173.92307692307688,350.7010744063149,1448.0,0.0,555.6666666666666,629.2743837150849,187.82702904920106,0.569016061564641,1841106.2857142857,7296027.590672188,3.3349332E7,10.0,3.8663232E7,3221936.0000000005,9588149.742903838,3.3349332E7,10.0,5259678.0,657459.75,1734339.1774149064,4947137.0,10.0,0,0,0,0,424,296,0.33623676365183336,0.2327792979128077,0.0,1448.0,315.73913043478257,501.0451093275212,251046.20158102765,0,0,0,1,0,0,0,0,0.0,330.09090909090907,173.92307692307693,555.6666666666666,424,0,0,0,0,0,0,13,2261,9,5001,65535,514,4,32,0,0,0,0,0,0,0,0,BENIGN
10.42.0.42-104.208.28.54-51479-443-6,10.42.0.42,51479,104.208.28.54,443,6,11/08/2017 10:08:57,29715414,16,11,7062.0,4495.0,1428.0,0.0,441.37499999999994,560.7671976854566,1448.0,0.0,408.6363636363636,559.6336788877654,388.92273215510306,0.908619344828916,1142900.5384615385,4332381.524044937,2.097262E7,16.0,2.9715414E7,1981027.6,5634052.238207921,2.097262E7,255.0,8660697.0,866069.7,2524746.4830932165,8048917.0,16.0,0,0,0,0,520,360,0.5384410932319503,0.3701782515969658,0.0,1448.0,412.74999999999994,545.4340863867902,297498.3425925926,0,0,0,1,0,0,0,0,0.0,428.037037037037,441.375,408.6363636363636,520,0,0,0,0,0,0,16,7062,11,4495,65535,513,9,32,388303.0,0.0,388303.0,388303.0,7953953.0,0.0,7953953.0,7953953.0,BENIGN
10.42.0.42-52.179.189.71-53668-443-6,10.42.0.42,53668,52.179.189.71,443,6,11/08/2017 10:08:48,38462982,13,11,2061.0,4941.0,932.0,0.0,158.53846153846155,320.55176789004906,1448.0,0.0,449.18181818181824,567.4771921728341,182.04516748077413,0.6239765809109653,1672303.5652173916,7693518.408818367,3.6958773E7,15.0,3.8462982E7,3205248.5,1.0631767595531872E7,3.6958773E7,45.0,1450279.0,145027.9,206640.23078634354,688427.0,15.0,0,0,0,0,424,360,0.33798731466010623,0.2859892662508591,0.0,1448.0,280.08,458.1839077633929,209932.49333333332,0,0,0,1,0,0,0,0,0.0,291.75,158.53846153846155,449.1818181818182,424,0,0,0,0,0,0,13,2061,11,4941,65535,1029,4,32,0,0,0,0,0,0,0,0,BENIGN
10.42.0.42-91.190.219.42-41691-12350-6,10.42.0.42,41691,91.190.219.42,12350,6,11/08/2017 10:08:48,38287690,10,9,695.0,451.0,404.0,0.0,69.5,126.09630358490996,303.0,0.0,50.111111111111114,98.51325347947409,29.931291232247233,0.4962430483531391,2127093.888888889,8861340.5458639,3.7633389E7,441.0,3.828769E7,4254187.777777778,1.2517292321031382E7,3.7633389E7,999.0,554478.0,69309.75,57601.732389002726,139058.0,441.0,0,0,0,0,328,296,0.2611805517648101,0.23506249658832906,0.0,404.0,57.3,109.05773458899745,11893.589473684211,0,0,0,1,0,0,0,0,0.0,60.31578947368421,69.5,50.111111111111114,328,0,0,0,0,0,0,10,695,9,451,65535,9,5,32,0,0,0,0,0,0,0,0,BENIGN
10.42.0.42-13.68.79.16-46483-443-6,10.42.0.42,46483,13.68.79.16,443,6,11/08/2017 10:08:48,38165690,9,8,1520.0,4889.0,1125.0,0.0,168.8888888888889,368.692095265292,1448.0,0.0,611.125,580.2411906144843,167.9256945177724,0.4454262454052318,2385355.625,9473516.539856393,3.7910947E7,14.0,3.816569E7,4770711.25,1.3390698312184466E7,3.7910947E7,620.0,202301.0,28900.142857142855,37656.838136999635,91432.0,14.0,0,0,0,0,296,264,0.23581389462629918,0.20961235077893262,0.0,1448.0,356.05555555555543,509.13831152392953,259221.82026143794,0,0,0,1,0,0,0,0,0.0,377.0,168.88888888888889,611.125,296,0,0,0,0,0,0,9,1520,8,4889,65535,509,3,32,0,0,0,0,0,0,0,0,BENIGN
10.42.0.42-13.107.3.128-42440-443-6,10.42.0.42,42440,13.107.3.128,443,6,11/08/2017 10:08:56,30450614,12,22,1467.0,22582.0,1045.0,0.0,122.24999999999999,301.7741855939787,1448.0,0.0,1026.4545454545453,634.7226411345598,789.7706102083853,1.116562050275899,922745.8787878788,5252509.137160263,3.0181656E7,4.0,3.0450614E7,2768237.6363636362,9092036.170179455,3.0181656E7,222.0,228632.0,10887.238095238095,23646.809296192077,85040.0,4.0,0,0,0,0,392,712,0.3940807236267879,0.7224813266491112,0.0,1448.0,687.1142857142856,692.319195824847,479305.868907563,0,0,0,1,0,0,0,0,1.0,707.3235294117648,122.25,1026.4545454545455,392,0,0,0,0,0,0,12,1467,22,22582,65535,1024,3,32,0,0,0,0,0,0,0,0,BENIGN
10.42.0.42-13.107.3.128-42438-443-6,10.42.0.42,42438,13.107.3.128,443,6,11/08/2017 10:08:48,38102446,15,14,3777.0,5953.0,1428.0,0.0,251.79999999999998,437.15822568689504,1448.0,0.0,425.21428571428567,613.1235511795228,255.36418318131072,0.7611059930378223,1360801.6428571427,6226748.574863997,3.284855E7,3.0,3.8102446E7,2721603.2857142854,8749264.201324102,3.284855E7,48.0,5008608.0,385277.53846153844,1235758.5348815531,4491836.0,3.0,0,0,0,0,488,456,0.3936755136402529,0.3674304793975694,0.0,1448.0,324.3333333333333,521.5710573029259,272036.367816092,0,0,0,1,0,0,0,0,0.0,335.51724137931035,251.8,425.2142857142857,488,0,0,0,0,0,0,15,3777,14,5953,65535,1029,6,32,0,0,0,0,0,0,0,0,BENIGN
10.42.0.42-13.107.3.128-42438-443-6,13.107.3.128,443,10.42.0.42,42438,6,11/08/2017 10:09:26,32,2,0,0.0,0.0,0.0,0.0,0.0,0.0,0,0,0,0,0.0,62500.0,32.0,0.0,32.0,32.0,32.0,32.0,0.0,32.0,32.0,0,0,0,0,0,0,0,0,0,64,0,62500.0,0.0,0.0,0.0,0.0,0.0,0.0,0,0,0,0,1,0,0,0,0.0,0.0,0.0,0.0,64,0,0,0,0,0,0,2,0,0,0,1029,-1,0,32,0,0,0,0,0,0,0,0,BENIGN
10.42.0.42-13.107.3.128-42440-443-6,13.107.3.128,443,10.42.0.42,42440,6,11/08/2017 10:09:26,31,2,0,0.0,0.0,0.0,0.0,0.0,0.0,0,0,0,0,0.0,64516.12903225806,31.0,0.0,31.0,31.0,31.0,31.0,0.0,31.0,31.0,0,0,0,0,0,0,0,0,0,64,0,64516.12903225806,0.0,0.0,0.0,0.0,0.0,0.0,0,0,0,0,1,0,0,0,0.0,0.0,0.0,0.0,64,0,0,0,0,0,0,2,0,0,0,1024,-1,0,32,0,0,0,0,0,0,0,0,BENIGN
10.42.0.42-65.52.108.74-58438-443-6,65.52.108.74,443,10.42.0.42,58438,6,11/08/2017 10:09:26,33,2,0,0.0,0.0,0.0,0.0,0.0,0.0,0,0,0,0,0.0,60606.0606060606,33.0,0.0,33.0,33.0,33.0,33.0,0.0,33.0,33.0,0,0,0,0,0,0,0,0,0,64,0,60606.0606060606,0.0,0.0,0.0,0.0,0.0,0.0,0,0,0,0,1,0,0,0,0.0,0.0,0.0,0.0,64,0,0,0,0,0,0,2,0,0,0,514,-1,0,32,0,0,0,0,0,0,0,0,BENIGN
172.217.12.197-10.42.0.42-443-40163-6,10.42.0.42,40163,172.217.12.197,443,6,11/08/2017 10:08:33,55112025,12,11,1183.0,6385.0,509.0,0.0,98.58333333333334,168.70978757689912,1418.0,0.0,580.4545454545454,667.018495041384,137.3203035090799,0.41733178920571323,2505092.0454545454,1.1422933762414996E7,5.3636862E7,5.0,5.5112025E7,5010184.090909091,1.6131991254758617E7,5.3636862E7,47.0,1423108.0,142310.8,349896.937529007,1132787.0,5.0,0,0,0,0,404,360,0.21773832480298083,0.19959346440273243,0.0,1418.0,315.3333333333333,519.1386399953599,269504.9275362318,0,0,0,1,0,0,0,0,0.0,329.04347826086956,98.58333333333333,580.4545454545455,404,0,0,0,0,0,0,12,1183,11,6385,65535,179,4,32,0,0,0,0,0,0,0,0,BENIGN
172.217.10.106-10.42.0.42-443-53528-6,10.42.0.42,53528,172.217.10.106,443,6,11/08/2017 10:08:49,47547308,14,11,460.0,4276.0,218.0,0.0,32.85714285714286,59.497714426505674,1418.0,0.0,388.7272727272727,594.3275344301475,99.6060597163566,0.5257921226581324,1981137.8333333333,9662089.434468066,4.7343206E7,14.0,4.7547308E7,3657485.230769231,1.313714480692773E7,4.7380508E7,162.0,166916.0,16691.6,19543.55242471997,43470.0,14.0,0,0,0,0,456,360,0.29444358868855414,0.23134853396957825,0.0,1418.0,182.15384615384616,419.18508487852404,175716.13538461542,0,0,0,1,0,0,0,0,0.0,189.44,32.857142857142854,388.72727272727275,456,0,0,0,0,0,0,14,460,11,4276,65535,170,6,32,0,0,0,0,0,0,0,0,BENIGN
157.240.14.15-10.42.0.42-443-60865-6,10.42.0.42,60865,157.240.14.15,443,6,11/08/2017 10:08:32,70925236,5,6,217.0,257.0,217.0,0.0,43.4,97.04535022349087,138.0,0.0,42.83333333333333,56.087134591336245,6.683093729853786,0.15509289246496127,7092523.6,2.0427870707143728E7,6.5001326E7,29.0,5923878.0,1480969.5,2873782.1327180783,5791389.0,94.0,7.0864416E7,1.41728832E7,2.852902884433422E7,6.5004992E7,29.0,0,0,0,0,168,200,0.07049676930225512,0.08459612316270615,0.0,217.0,39.5,70.7768580565967,5009.363636363636,0,0,0,1,0,0,0,0,1.0,43.09090909090909,43.4,42.833333333333336,168,0,0,0,0,0,0,5,217,6,257,65535,114,1,32,66244.5,1694.9349545041543,67443.0,65046.0,3.53963575E7,4.186774796632826E7,6.5001326E7,5791389.0,BENIGN
157.240.14.15-10.42.0.42-443-60865-6,10.42.0.42,60865,157.240.14.15,443,6,11/08/2017 10:09:43,51560,2,1,0.0,0.0,0.0,0.0,0.0,0.0,0.0,0.0,0.0,0.0,0.0,58.18463925523662,25780.0,17285.932372886342,38003.0,13557.0,38003.0,38003.0,0.0,38003.0,38003.0,0,0,0,0,0,0,0,0,0,64,32,38.78975950349108,19.39487975174554,0.0,0.0,0.0,0.0,0.0,0,0,0,0,1,0,0,0,0.0,0.0,0.0,0.0,64,0,0,0,0,0,0,2,0,1,0,1386,114,0,32,0,0,0,0,0,0,0,0,BENIGN
10.42.0.42-31.13.69.229-47034-443-6,10.42.0.42,47034,31.13.69.229,443,6,11/08/2017 10:08:39,65131160,10,9,1472.0,747.0,1112.0,0.0,147.20000000000002,346.4793724820506,418.0,0.0,83.0,133.25726997053482,34.069714096908456,0.29171904814838245,3618397.7777777775,1.530827331565176E7,6.4957686E7,29.0,173442.0,19271.333333333332,21637.843070648236,55491.0,45.0,6.5096224E7,8137028.0,2.296538531512491E7,6.4973436E7,29.0,0,0,0,0,328,296,0.15353634113072762,0.13818270701765484,0.0,1112.0,110.94999999999999,257.0042954791551,66051.20789473684,0,0,0,1,0,0,0,0,0.0,116.78947368421052,147.2,83.0,328,0,0,0,0,0,0,10,1472,9,747,65535,123,4,32,173442.0,0.0,173442.0,173442.0,6.4957686E7,0.0,6.4957686E7,6.4957686E7,BENIGN
10.42.0.42-31.13.69.229-47034-443-6,31.13.69.229,443,10.42.0.42,47034,6,11/08/2017 10:09:44,152352,1,4,0.0,42.0,0.0,0.0,0.0,0.0,42.0,0.0,10.5,21.0,275.6773787019534,32.818735559756355,38088.0,64270.227430747436,134282.0,47.0,0,0,0,0,0,18070.0,6023.333333333333,5209.233180932999,9602.0,47.0,0,0,0,0,32,140,6.563747111951272,26.254988447805086,0.0,42.0,7.0,17.146428199482248,294.0,0,0,0,0,1,1,0,0,4.0,8.4,0.0,10.5,32,0,0,0,0,0,0,1,0,4,42,123,1403,0,32,0,0,0,0,0,0,0,0,BENIGN
172.217.6.200-10.42.0.42-443-54274-6,10.42.0.42,54274,172.217.6.200,443,6,11/08/2017 10:08:29,274586,8,7,869.0,4436.0,609.0,0.0,108.625,211.9082938442948,1418.0,0.0,633.7142857142857,612.6186182516586,19319.99446439367,54.62769405577852,19613.285714285714,18082.811925772417,50698.0,19.0,274586.0,39226.571428571435,35121.496920723366,89954.0,218.0,198510.0,33085.0,34066.10287661329,85772.0,19.0,0,0,0,0,264,232,29.134770163081875,25.49292389269664,0.0,1418.0,331.5625,497.511000715897,247517.1958333333,0,0,0,1,0,0,0,0,0.0,353.6666666666667,108.625,633.7142857142857,264,0,0,0,0,0,0,8,869,7,4436,65535,175,3,32,0,0,0,0,0,0,0,0,BENIGN
8.0.6.4-8.6.0.1-0-0-0,8.6.0.1,0,8.0.6.4,0,0,11/08/2017 10:08:24,95364735,11,0,0.0,0.0,0.0,0.0,0.0,0.0,0,0,0,0,0.0,0.1153466215787209,9536473.5,1.4374834242075484E7,3.2510202E7,7.0,9.5364735E7,9536473.5,1.4374834242075484E7,3.2510202E7,7.0,0,0,0,0,0,0,0,0,0,0,0,0.1153466215787209,0.0,0.0,0.0,0.0,0.0,0.0,0,0,0,0,0,0,0,0,0.0,0.0,0.0,0.0,0,0,0,0,0,0,0,11,0,0,0,-1,-1,0,0,1613965.0,2792379.403663478,4838327.0,1723.0,3.0118300666666668E7,3498887.935870815,3.2510202E7,2.6102541E7,BENIGN
180.149.138.197-10.42.0.42-80-40462-6,10.42.0.42,40462,180.149.138.197,80,6,11/08/2017 10:10:34,504016,3,4,370.0,437.0,370.0,0.0,123.33333333333333,213.61959960016154,437.0,0.0,109.25,218.5,1601.1396463604328,13.888447985778228,84002.66666666667,127316.88434715432,248354.0,32.0,255084.0,127542.0,179890.79356098245,254744.0,340.0,255691.0,85230.33333333334,147122.92946489793,255113.0,32.0,0,0,0,0,80,92,5.952191993904955,7.936255991873273,0.0,437.0,100.875,187.64056635721695,35208.98214285714,0,0,0,1,0,0,0,0,1.0,115.28571428571429,123.33333333333333,109.25,80,0,0,0,0,0,0,3,370,4,437,65535,123,1,20,0,0,0,0,0,0,0,0,BENIGN
180.149.138.197-10.42.0.42-80-40462-6,10.42.0.42,40462,180.149.138.197,80,6,11/08/2017 10:10:35,3070,2,0,0.0,0.0,0.0,0.0,0.0,0.0,0,0,0,0,0.0,651.4657980456027,3070.0,0.0,3070.0,3070.0,3070.0,3070.0,0.0,3070.0,3070.0,0,0,0,0,0,0,0,0,0,40,0,651.4657980456027,0.0,0.0,0.0,0.0,0.0,0.0,0,0,0,0,1,0,0,0,0.0,0.0,0.0,0.0,40,0,0,0,0,0,0,2,0,0,0,1386,-1,0,20,0,0,0,0,0,0,0,0,BENIGN
10.42.0.42-123.59.190.237-44838-80-6,10.42.0.42,44838,123.59.190.237,80,6,11/08/2017 10:10:35,560123,3,7,386.0,6971.0,386.0,0.0,128.66666666666666,222.85720390719553,1460.0,0.0,995.8571428571429,690.8256964366213,13134.61507561732,17.853221524558,62235.88888888889,113384.24055445762,262648.0,5.0,276512.0,138256.0,176642.34500821144,263161.0,13351.0,299122.0,49853.666666666664,112142.17131421466,278159.0,5.0,0,0,0,0,80,144,5.3559664573673995,12.497255067190599,0.0,1460.0,668.8181818181819,709.5112145952055,503406.1636363637,0,0,0,1,0,0,0,0,2.0,735.7,128.66666666666666,995.8571428571429,80,0,0,0,0,0,0,3,386,7,6971,65535,8190,1,20,0,0,0,0,0,0,0,0,BENIGN
10.42.0.42-123.59.190.237-44838-80-6,10.42.0.42,44838,123.59.190.237,80,6,11/08/2017 10:10:36,3067,3,0,0.0,0.0,0.0,0.0,0.0,0.0,0,0,0,0,0.0,978.1545484186502,1533.5,1375.322689407835,2506.0,561.0,3067.0,1533.5,1375.322689407835,2506.0,561.0,0,0,0,0,0,0,0,0,0,60,0,978.1545484186502,0.0,0.0,0.0,0.0,0.0,0.0,0,0,0,0,1,0,0,0,0.0,0.0,0.0,0.0,60,0,0,0,0,0,0,3,0,0,0,65535,-1,0,20,0,0,0,0,0,0,0,0,BENIGN
180.76.183.242-10.42.0.42-80-50015-6,10.42.0.42,50015,180.76.183.242,80,6,11/08/2017 10:10:37,529744,3,4,450.0,802.0,450.0,0.0,150.0,259.8076211353316,802.0,0.0,200.5,400.99999999999994,2363.405720498958,13.213929747198646,88290.66666666666,135186.80930426114,263355.0,23.0,267092.0,133546.0,187927.76923594874,266431.0,661.0,266389.0,88796.33333333334,153464.70374106657,266002.0,23.0,0,0,0,0,104,136,5.663112748799421,7.550816998399227,0.0,802.0,156.5,304.66984472657333,92823.71428571429,0,0,0,1,0,0,0,0,1.0,178.85714285714286,150.0,200.5,104,0,0,0,0,0,0,3,450,4,802,65535,400,1,32,0,0,0,0,0,0,0,0,BENIGN
180.76.183.242-10.42.0.42-80-50014-6,10.42.0.42,50014,180.76.183.242,80,6,11/08/2017 10:10:37,530254,3,4,450.0,802.0,450.0,0.0,150.0,259.8076211353316,802.0,0.0,200.5,400.99999999999994,2361.132589287398,13.201220547134016,88375.66666666666,135280.05264733845,263584.0,22.0,267195.0,133597.5,188168.89264833333,266653.0,542.0,266670.0,88890.0,153432.2515770397,266058.0,22.0,0,0,0,0,104,136,5.6576659487717205,7.543554598362294,0.0,802.0,156.5,304.66984472657333,92823.71428571429,0,0,0,1,0,0,0,0,1.0,178.85714285714286,150.0,200.5,104,0,0,0,0,0,0,3,450,4,802,65535,400,1,32,0,0,0,0,0,0,0,0,BENIGN
180.76.183.242-10.42.0.42-80-50017-6,10.42.0.42,50017,180.76.183.242,80,6,11/08/2017 10:10:37,533365,3,4,450.0,802.0,450.0,0.0,150.0,259.8076211353316,802.0,0.0,200.5,400.99999999999994,2347.360625462863,13.124220749393006,88894.16666666666,134739.50069288022,263326.0,24.0,270799.0,135399.5,187482.9990705824,267970.0,2829.0,270039.0,90013.0,155701.86999840432,269802.0,24.0,0,0,0,0,104,136,5.624666035454145,7.49955471393886,0.0,802.0,156.5,304.66984472657333,92823.71428571429,0,0,0,1,0,0,0,0,1.0,178.85714285714286,150.0,200.5,104,0,0,0,0,0,0,3,450,4,802,65535,400,1,32,0,0,0,0,0,0,0,0,BENIGN
180.76.183.242-10.42.0.42-80-50015-6,10.42.0.42,50015,180.76.183.242,80,6,11/08/2017 10:10:37,163334,3,0,0.0,0.0,0.0,0.0,0.0,0.0,0,0,0,0,0.0,18.367271970318487,81667.0,62742.998908244736,126033.0,37301.0,163334.0,81667.0,62742.998908244736,126033.0,37301.0,0,0,0,0,0,0,0,0,0,96,0,18.367271970318487,0.0,0.0,0.0,0.0,0.0,0.0,0,0,0,0,1,0,0,0,0.0,0.0,0.0,0.0,96,0,0,0,0,0,0,3,0,0,0,1394,-1,0,32,0,0,0,0,0,0,0,0,BENIGN
180.76.183.242-10.42.0.42-80-50014-6,10.42.0.42,50014,180.76.183.242,80,6,11/08/2017 10:10:37,165309,3,0,0.0,0.0,0.0,0.0,0.0,0.0,0,0,0,0,0.0,18.14783224143876,82654.5,64128.221092589185,128000.0,37309.0,165309.0,82654.5,64128.221092589185,128000.0,37309.0,0,0,0,0,0,0,0,0,0,96,0,18.14783224143876,0.0,0.0,0.0,0.0,0.0,0.0,0,0,0,0,1,0,0,0,0.0,0.0,0.0,0.0,96,0,0,0,0,0,0,3,0,0,0,1394,-1,0,32,0,0,0,0,0,0,0,0,BENIGN
180.76.183.242-10.42.0.42-80-50017-6,10.42.0.42,50017,180.76.183.242,80,6,11/08/2017 10:10:37,164548,3,0,0.0,0.0,0.0,0.0,0.0,0.0,0,0,0,0,0.0,18.23176216058536,82274.0,64943.51521129727,128196.0,36352.0,164548.0,82274.0,64943.51521129727,128196.0,36352.0,0,0,0,0,0,0,0,0,0,96,0,18.23176216058536,0.0,0.0,0.0,0.0,0.0,0.0,0,0,0,0,1,0,0,0,0.0,0.0,0.0,0.0,96,0,0,0,0,0,0,3,0,0,0,1394,-1,0,32,0,0,0,0,0,0,0,0,BENIGN
180.76.183.242-10.42.0.42-80-50018-6,10.42.0.42,50018,180.76.183.242,80,6,11/08/2017 10:10:37,528884,3,4,450.0,802.0,450.0,0.0,150.0,259.8076211353316,802.0,0.0,200.5,400.99999999999994,2367.2487728878164,13.23541646183284,88147.33333333333,135262.80564984103,263111.0,17.0,265169.0,132584.5,186770.23543514634,264651.0,518.0,266459.0,88819.66666666666,153317.3609260652,265855.0,17.0,0,0,0,0,104,136,5.672321340785503,7.563095121047337,0.0,802.0,156.5,304.66984472657333,92823.71428571429,0,0,0,1,0,0,0,0,1.0,178.85714285714286,150.0,200.5,104,0,0,0,0,0,0,3,450,4,802,65535,400,1,32,0,0,0,0,0,0,0,0,BENIGN
180.76.183.242-10.42.0.42-80-50018-6,10.42.0.42,50018,180.76.183.242,80,6,11/08/2017 10:10:37,20159,2,0,0.0,0.0,0.0,0.0,0.0,0.0,0,0,0,0,0.0,99.21127040031747,20159.0,0.0,20159.0,20159.0,20159.0,20159.0,0.0,20159.0,20159.0,0,0,0,0,0,0,0,0,0,64,0,99.21127040031747,0.0,0.0,0.0,0.0,0.0,0.0,0,0,0,0,1,0,0,0,0.0,0.0,0.0,0.0,64,0,0,0,0,0,0,2,0,0,0,1394,-1,0,32,0,0,0,0,0,0,0,0,BENIGN
10.42.0.42-47.93.77.222-44293-80-6,10.42.0.42,44293,47.93.77.222,80,6,11/08/2017 10:10:37,491924,3,4,384.0,843.0,384.0,0.0,128.0,221.70250336881628,843.0,0.0,210.75,421.5,2494.2877355038586,14.229840381847604,81987.33333333333,125590.21327423035,244504.0,32.0,246928.0,123464.0,173248.232458516,245969.0,959.0,248187.0,82729.0,142864.90703808266,247695.0,32.0,0,0,0,0,104,136,6.09850302079183,8.131337361055774,0.0,843.0,153.375,309.35736962751855,95701.98214285714,0,0,0,1,0,0,0,0,1.0,175.28571428571428,128.0,210.75,104,0,0,0,0,0,0,3,384,4,843,65535,237,1,32,0,0,0,0,0,0,0,0,BENIGN
10.42.0.42-47.93.77.222-44290-80-6,10.42.0.42,44290,47.93.77.222,80,6,11/08/2017 10:10:37,492739,3,4,384.0,843.0,384.0,0.0,128.0,221.70250336881628,843.0,0.0,210.75,421.5,2490.1621345174626,14.206303945902395,82123.16666666667,125972.00659419007,245223.0,31.0,247281.0,123640.5,173657.64728482303,246435.0,846.0,248464.0,82821.33333333334,143247.26743059824,248229.0,31.0,0,0,0,0,104,136,6.0884159768153125,8.117887969087082,0.0,843.0,153.375,309.35736962751855,95701.98214285714,0,0,0,1,0,0,0,0,1.0,175.28571428571428,128.0,210.75,104,0,0,0,0,0,0,3,384,4,843,65535,237,1,32,0,0,0,0,0,0,0,0,BENIGN
10.42.0.42-47.93.77.222-44291-80-6,10.42.0.42,44291,47.93.77.222,80,6,11/08/2017 10:10:37,493183,3,4,384.0,843.0,384.0,0.0,128.0,221.70250336881628,843.0,0.0,210.75,421.5,2487.9203054444292,14.193514374988595,82197.16666666666,125877.18984536741,245210.0,31.0,247541.0,123770.5,173455.41474540366,246422.0,1119.0,248992.0,82997.33333333334,143381.59460102726,248560.0,31.0,0,0,0,0,104,136,6.08293473213797,8.110579642850626,0.0,843.0,153.375,309.35736962751855,95701.98214285714,0,0,0,1,0,0,0,0,1.0,175.28571428571428,128.0,210.75,104,0,0,0,0,0,0,3,384,4,843,65535,235,1,32,0,0,0,0,0,0,0,0,BENIGN
10.42.0.42-47.93.77.222-44292-80-6,10.42.0.42,44292,47.93.77.222,80,6,11/08/2017 10:10:37,494080,3,4,384.0,843.0,384.0,0.0,128.0,221.70250336881628,843.0,0.0,210.75,421.5,2483.4034974093265,14.167746113989637,82346.66666666667,126192.72352820772,245762.0,31.0,247804.0,123902.0,173140.75222777567,246331.0,1473.0,249325.0,83108.33333333334,143502.89676983294,248811.0,31.0,0,0,0,0,104,136,6.071891191709844,8.095854922279793,0.0,843.0,153.375,309.35736962751855,95701.98214285714,0,0,0,1,0,0,0,0,1.0,175.28571428571428,128.0,210.75,104,0,0,0,0,0,0,3,384,4,843,65535,237,1,32,0,0,0,0,0,0,0,0,BENIGN
10.42.0.42-47.93.77.222-44293-80-6,10.42.0.42,44293,47.93.77.222,80,6,11/08/2017 10:10:38,128534,3,0,0.0,0.0,0.0,0.0,0.0,0.0,0,0,0,0,0.0,23.34012790390091,64267.0,33731.82188972306,88119.0,40415.0,128534.0,64267.0,33731.82188972306,88119.0,40415.0,0,0,0,0,0,0,0,0,0,96,0,23.34012790390091,0.0,0.0,0.0,0.0,0.0,0.0,0,0,0,0,1,0,0,0,0.0,0.0,0.0,0.0,96,0,0,0,0,0,0,3,0,0,0,1396,-1,0,32,0,0,0,0,0,0,0,0,BENIGN
10.42.0.42-47.93.77.222-44290-80-6,10.42.0.42,44290,47.93.77.222,80,6,11/08/2017 10:10:38,127642,3,0,0.0,0.0,0.0,0.0,0.0,0.0,0,0,0,0,0.0,23.5032356121026,63821.0,36208.10983743835,89424.0,38218.0,127642.0,63821.0,36208.10983743835,89424.0,38218.0,0,0,0,0,0,0,0,0,0,96,0,23.5032356121026,0.0,0.0,0.0,0.0,0.0,0.0,0,0,0,0,1,0,0,0,0.0,0.0,0.0,0.0,96,0,0,0,0,0,0,3,0,0,0,1396,-1,0,32,0,0,0,0,0,0,0,0,BENIGN
10.42.0.42-47.93.77.222-44291-80-6,10.42.0.42,44291,47.93.77.222,80,6,11/08/2017 10:10:38,127319,3,0,0.0,0.0,0.0,0.0,0.0,0.0,0,0,0,0,0.0,23.56286178810704,63659.5,38011.939236245234,90538.0,36781.0,127319.0,63659.5,38011.939236245234,90538.0,36781.0,0,0,0,0,0,0,0,0,0,96,0,23.56286178810704,0.0,0.0,0.0,0.0,0.0,0.0,0,0,0,0,1,0,0,0,0.0,0.0,0.0,0.0,96,0,0,0,0,0,0,3,0,0,0,1396,-1,0,32,0,0,0,0,0,0,0,0,BENIGN
10.42.0.42-47.93.77.222-44292-80-6,10.42.0.42,44292,47.93.77.222,80,6,11/08/2017 10:10:38,128099,3,0,0.0,0.0,0.0,0.0,0.0,0.0,0,0,0,0,0.0,23.41938656820116,64049.5,38680.86225124771,91401.0,36698.0,128099.0,64049.5,38680.86225124771,91401.0,36698.0,0,0,0,0,0,0,0,0,0,96,0,23.41938656820116,0.0,0.0,0.0,0.0,0.0,0.0,0,0,0,0,1,0,0,0,0.0,0.0,0.0,0.0,96,0,0,0,0,0,0,3,0,0,0,1396,-1,0,32,0,0,0,0,0,0,0,0,BENIGN
180.76.183.242-10.42.0.42-80-50024-6,10.42.0.42,50024,180.76.183.242,80,6,11/08/2017 10:10:38,538547,3,4,551.0,657.0,551.0,0.0,183.66666666666666,318.1199983234838,657.0,0.0,164.25,328.5,2243.0725637688074,12.997937041706667,89757.83333333333,133381.70205754112,262566.0,25.0,275341.0,137670.5,179646.8417214731,264700.0,10641.0,277347.0,92449.0,159572.38153264494,276707.0,25.0,0,0,0,0,104,136,5.570544446445714,7.427392595260952,0.0,657.0,151.0,281.0292308131461,78977.42857142855,0,0,0,1,0,0,0,0,1.0,172.57142857142858,183.66666666666666,164.25,104,0,0,0,0,0,0,3,551,4,657,65535,400,1,32,0,0,0,0,0,0,0,0,BENIGN
180.76.183.242-10.42.0.42-80-50025-6,10.42.0.42,50025,180.76.183.242,80,6,11/08/2017 10:10:38,537181,3,4,551.0,657.0,551.0,0.0,183.66666666666666,318.1199983234838,657.0,0.0,164.25,328.5,2248.7764831593076,13.030989554731086,89530.16666666667,134083.6068927394,262722.0,22.0,273992.0,136996.0,181541.18078827183,265365.0,8627.0,274731.0,91577.0,158211.72430954667,274264.0,22.0,0,0,0,0,104,136,5.584709809170466,7.446279745560621,0.0,657.0,151.0,281.0292308131461,78977.42857142855,0,0,0,1,0,0,0,0,1.0,172.57142857142858,183.66666666666666,164.25,104,0,0,0,0,0,0,3,551,4,657,65535,400,1,32,0,0,0,0,0,0,0,0,BENIGN
180.76.183.242-10.42.0.42-80-50024-6,10.42.0.42,50024,180.76.183.242,80,6,11/08/2017 10:10:38,3632,2,0,0.0,0.0,0.0,0.0,0.0,0.0,0,0,0,0,0.0,550.6607929515419,3632.0,0.0,3632.0,3632.0,3632.0,3632.0,0.0,3632.0,3632.0,0,0,0,0,0,0,0,0,0,64,0,550.6607929515419,0.0,0.0,0.0,0.0,0.0,0.0,0,0,0,0,1,0,0,0,0.0,0.0,0.0,0.0,64,0,0,0,0,0,0,2,0,0,0,1390,-1,0,32,0,0,0,0,0,0,0,0,BENIGN
180.76.183.242-10.42.0.42-80-50025-6,10.42.0.42,50025,180.76.183.242,80,6,11/08/2017 10:10:38,3507,2,0,0.0,0.0,0.0,0.0,0.0,0.0,0,0,0,0,0.0,570.287995437696,3507.0,0.0,3507.0,3507.0,3507.0,3507.0,0.0,3507.0,3507.0,0,0,0,0,0,0,0,0,0,64,0,570.287995437696,0.0,0.0,0.0,0.0,0.0,0.0,0,0,0,0,1,0,0,0,0.0,0.0,0.0,0.0,64,0,0,0,0,0,0,2,0,0,0,1390,-1,0,32,0,0,0,0,0,0,0,0,BENIGN
180.76.183.242-10.42.0.42-80-50016-6,10.42.0.42,50016,180.76.183.242,80,6,11/08/2017 10:10:37,1781003,4,4,551.0,657.0,551.0,0.0,137.75,275.5,657.0,0.0,164.25,328.5,678.2694919660439,4.491850940172476,254429.0,351253.17305518157,994174.0,32.0,1518069.0,506023.0,422788.1695873242,994174.0,256354.0,521562.0,173854.0,300804.4363818459,521193.0,32.0,0,0,0,0,144,136,2.245925470086238,2.245925470086238,0.0,657.0,134.22222222222223,267.65405740329146,71638.69444444444,0,0,0,1,0,0,0,0,1.0,151.0,137.75,164.25,144,0,0,0,0,0,0,4,551,4,657,65535,400,1,32,0,0,0,0,0,0,0,0,BENIGN
180.76.183.242-10.42.0.42-80-50016-6,10.42.0.42,50016,180.76.183.242,80,6,11/08/2017 10:10:38,1123,2,0,0.0,0.0,0.0,0.0,0.0,0.0,0,0,0,0,0.0,1780.9439002671415,1123.0,0.0,1123.0,1123.0,1123.0,1123.0,0.0,1123.0,1123.0,0,0,0,0,0,0,0,0,0,64,0,1780.9439002671415,0.0,0.0,0.0,0.0,0.0,0.0,0,0,0,0,1,0,0,0,0.0,0.0,0.0,0.0,64,0,0,0,0,0,0,2,0,0,0,1390,-1,0,32,0,0,0,0,0,0,0,0,BENIGN
180.149.135.239-10.42.0.42-80-45433-6,10.42.0.42,45433,180.149.135.239,80,6,11/08/2017 10:10:38,520871,3,4,422.0,1307.0,422.0,0.0,140.66666666666666,243.64181359802205,1307.0,0.0,326.75,653.5,3319.4399381036765,13.439028089488568,86811.83333333333,129805.74651134158,254520.0,30.0,256578.0,128289.0,181108.43143818568,256352.0,226.0,266735.0,88911.66666666666,145616.86541171436,256962.0,30.0,0,0,0,0,80,92,5.759583466923672,7.679444622564897,0.0,1307.0,216.12500000000003,464.8583309537895,216093.26785714287,0,0,0,1,0,0,0,0,1.0,247.0,140.66666666666666,326.75,80,0,0,0,0,0,0,3,422,4,1307,65535,123,1,20,0,0,0,0,0,0,0,0,BENIGN
180.149.135.239-10.42.0.42-80-45433-6,10.42.0.42,45433,180.149.135.239,80,6,11/08/2017 10:10:39,1116,2,0,0.0,0.0,0.0,0.0,0.0,0.0,0,0,0,0,0.0,1792.1146953405018,1116.0,0.0,1116.0,1116.0,1116.0,1116.0,0.0,1116.0,1116.0,0,0,0,0,0,0,0,0,0,40,0,1792.1146953405018,0.0,0.0,0.0,0.0,0.0,0.0,0,0,0,0,1,0,0,0,0.0,0.0,0.0,0.0,40,0,0,0,0,0,0,2,0,0,0,1415,-1,0,20,0,0,0,0,0,0,0,0,BENIGN
180.76.183.242-10.42.0.42-80-50035-6,10.42.0.42,50035,180.76.183.242,80,6,11/08/2017 10:10:38,528503,3,4,551.0,665.0,551.0,0.0,183.66666666666666,318.1199983234838,665.0,0.0,166.25,332.5,2300.838405836864,13.244957928337211,88083.83333333333,135288.83346295313,263047.0,23.0,265493.0,132746.5,187177.5289411098,265101.0,392.0,265456.0,88485.33333333334,152759.03166207008,264876.0,23.0,0,0,0,0,104,136,5.676410540715947,7.568547387621263,0.0,665.0,152.0,283.09362408927547,80142.0,0,0,0,1,0,0,0,0,1.0,173.71428571428572,183.66666666666666,166.25,104,0,0,0,0,0,0,3,551,4,665,65535,400,1,32,0,0,0,0,0,0,0,0,BENIGN
180.76.183.242-10.42.0.42-80-50035-6,10.42.0.42,50035,180.76.183.242,80,6,11/08/2017 10:10:39,1345,2,0,0.0,0.0,0.0,0.0,0.0,0.0,0,0,0,0,0.0,1486.988847583643,1345.0,0.0,1345.0,1345.0,1345.0,1345.0,0.0,1345.0,1345.0,0,0,0,0,0,0,0,0,0,64,0,1486.988847583643,0.0,0.0,0.0,0.0,0.0,0.0,0,0,0,0,1,0,0,0,0.0,0.0,0.0,0.0,64,0,0,0,0,0,0,2,0,0,0,1390,-1,0,32,0,0,0,0,0,0,0,0,BENIGN
10.42.0.42-123.125.29.138-58193-80-6,10.42.0.42,58193,123.125.29.138,80,6,11/08/2017 10:10:38,787115,3,4,510.0,1461.0,510.0,0.0,170.0,294.44863728670913,1460.0,0.0,365.25,729.8334855750774,2504.0813604111218,8.893236693494597,131185.8333333333,200196.36213319827,389876.0,21.0,396652.0,198326.0,274398.4432936893,392355.0,4297.0,397239.0,132413.0,228414.78534455688,396163.0,21.0,0,0,0,0,80,84,3.8113871543548274,5.08184953913977,0.0,1460.0,246.375,521.8231603850923,272299.4107142857,0,0,0,1,0,0,0,0,1.0,281.57142857142856,170.0,365.25,80,0,0,0,0,0,0,3,510,4,1461,65535,15544,1,20,0,0,0,0,0,0,0,0,BENIGN
10.42.0.42-123.125.29.138-58193-80-6,10.42.0.42,58193,123.125.29.138,80,6,11/08/2017 10:10:39,922,2,0,0.0,0.0,0.0,0.0,0.0,0.0,0,0,0,0,0.0,2169.1973969631235,922.0,0.0,922.0,922.0,922.0,922.0,0.0,922.0,922.0,0,0,0,0,0,0,0,0,0,40,0,2169.1973969631235,0.0,0.0,0.0,0.0,0.0,0.0,0,0,0,0,1,0,0,0,0.0,0.0,0.0,0.0,40,0,0,0,0,0,0,2,0,0,0,65535,-1,0,20,0,0,0,0,0,0,0,0,BENIGN
180.76.183.242-10.42.0.42-80-50038-6,10.42.0.42,50038,180.76.183.242,80,6,11/08/2017 10:10:38,528492,3,4,551.0,657.0,551.0,0.0,183.66666666666666,318.1199983234838,657.0,0.0,164.25,328.5,2285.748885508201,13.245233608077323,88082.0,135319.71532485573,262799.0,24.0,265527.0,132763.5,187071.46292393183,265043.0,484.0,265693.0,88564.33333333334,153214.3496293129,265481.0,24.0,0,0,0,0,104,136,5.676528689175996,7.568704918901327,0.0,657.0,151.0,281.0292308131461,78977.42857142855,0,0,0,1,0,0,0,0,1.0,172.57142857142858,183.66666666666666,164.25,104,0,0,0,0,0,0,3,551,4,657,65535,400,1,32,0,0,0,0,0,0,0,0,BENIGN
180.76.183.242-10.42.0.42-80-50038-6,10.42.0.42,50038,180.76.183.242,80,6,11/08/2017 10:10:39,1246,2,0,0.0,0.0,0.0,0.0,0.0,0.0,0,0,0,0,0.0,1605.1364365971108,1246.0,0.0,1246.0,1246.0,1246.0,1246.0,0.0,1246.0,1246.0,0,0,0,0,0,0,0,0,0,64,0,1605.1364365971108,0.0,0.0,0.0,0.0,0.0,0.0,0,0,0,0,1,0,0,0,0.0,0.0,0.0,0.0,64,0,0,0,0,0,0,2,0,0,0,1390,-1,0,32,0,0,0,0,0,0,0,0,BENIGN
180.149.138.210-10.42.0.42-80-34678-6,10.42.0.42,34678,180.149.138.210,80,6,11/08/2017 10:10:39,532858,3,3,665.0,511.0,665.0,0.0,221.66666666666666,383.9379290111011,511.0,0.0,170.33333333333334,295.0259875558988,2206.9669593024782,11.260035506645297,106571.6,134369.3516405434,253546.0,362.0,255989.0,127994.5,180499.61249958407,255627.0,362.0,279534.0,139767.0,164676.68405697268,256211.0,23323.0,0,0,0,0,80,72,5.630017753322648,5.630017753322648,0.0,665.0,168.0,290.3383084150855,84296.33333333333,0,0,0,1,0,0,0,0,1.0,196.0,221.66666666666666,170.33333333333334,80,0,0,0,0,0,0,3,665,3,511,65535,125,1,20,0,0,0,0,0,0,0,0,BENIGN
180.149.138.210-10.42.0.42-80-34678-6,180.149.138.210,80,10.42.0.42,34678,6,11/08/2017 10:10:39,7944,5,4,7300.0,0.0,1460.0,1460.0,1460.0,0.0,0.0,0.0,0.0,0.0,918932.5276938571,1132.9305135951663,993.0,1176.1519581123132,3037.0,3.0,418.0,104.5,164.47998865110208,350.0,3.0,5363.0,1787.6666666666665,1261.1618981452514,3037.0,515.0,0,0,0,0,100,104,629.4058408862035,503.5246727089628,0.0,1460.0,876.0,753.9407580617104,568426.6666666666,0,0,0,0,1,0,0,0,0.0,973.3333333333334,1460.0,0.0,100,0,0,0,0,0,0,5,7300,4,0,125,1597,4,20,0,0,0,0,0,0,0,0,BENIGN
180.76.183.242-10.42.0.42-80-50042-6,10.42.0.42,50042,180.76.183.242,80,6,11/08/2017 10:10:39,531405,3,4,559.0,665.0,559.0,0.0,186.33333333333334,322.73880047700084,665.0,0.0,166.25,332.5,2303.327970192226,13.172627280511097,88567.5,136027.66098665373,264430.0,30.0,266351.0,133175.5,187839.38088830042,265998.0,353.0,267483.0,89161.0,153891.24057918307,266859.0,30.0,0,0,0,0,104,136,5.645411691647613,7.527215588863484,0.0,665.0,152.99999999999997,284.7138914770405,81061.99999999999,0,0,0,1,0,0,0,0,1.0,174.85714285714286,186.33333333333334,166.25,104,0,0,0,0,0,0,3,559,4,665,65535,400,1,32,0,0,0,0,0,0,0,0,BENIGN
180.76.183.242-10.42.0.42-80-50042-6,10.42.0.42,50042,180.76.183.242,80,6,11/08/2017 10:10:39,3021,2,0,0.0,0.0,0.0,0.0,0.0,0.0,0,0,0,0,0.0,662.0324395895399,3021.0,0.0,3021.0,3021.0,3021.0,3021.0,0.0,3021.0,3021.0,0,0,0,0,0,0,0,0,0,64,0,662.0324395895399,0.0,0.0,0.0,0.0,0.0,0.0,0,0,0,0,1,0,0,0,0.0,0.0,0.0,0.0,64,0,0,0,0,0,0,2,0,0,0,1390,-1,0,32,0,0,0,0,0,0,0,0,BENIGN
219.142.78.162-10.42.0.42-80-52866-6,10.42.0.42,52866,219.142.78.162,80,6,11/08/2017 10:10:39,516037,3,3,656.0,317.0,656.0,0.0,218.66666666666666,378.7417765883945,317.0,0.0,105.66666666666667,183.02003533311137,1885.5237124469759,11.627073252499336,103207.4,138842.37145338595,255811.0,383.0,258563.0,129281.5,182290.00686954838,258180.0,383.0,260226.0,130113.0,180204.74897182925,257537.0,2689.0,0,0,0,0,80,72,5.813536626249668,5.813536626249668,0.0,656.0,139.0,256.76772902112657,65929.66666666667,0,0,0,1,0,0,0,0,1.0,162.16666666666666,218.66666666666666,105.66666666666667,80,0,0,0,0,0,0,3,656,3,317,65535,125,1,20,0,0,0,0,0,0,0,0,BENIGN
219.142.78.162-10.42.0.42-80-52870-6,10.42.0.42,52870,219.142.78.162,80,6,11/08/2017 10:10:39,514912,3,3,648.0,317.0,648.0,0.0,216.0,374.1229744348775,317.0,0.0,105.66666666666667,183.02003533311137,1874.106643465291,11.652476539680565,102982.4,138796.98447480766,255649.0,428.0,257061.0,128530.5,181164.2928738994,256633.0,428.0,260513.0,130256.5,181096.4106229055,258311.0,2202.0,0,0,0,0,80,72,5.826238269840283,5.826238269840283,0.0,648.0,137.85714285714286,254.08688052936316,64560.14285714286,0,0,0,1,0,0,0,0,1.0,160.83333333333334,216.0,105.66666666666667,80,0,0,0,0,0,0,3,648,3,317,65535,125,1,20,0,0,0,0,0,0,0,0,BENIGN
219.142.78.162-10.42.0.42-80-52871-6,10.42.0.42,52871,219.142.78.162,80,6,11/08/2017 10:10:39,523811,3,3,701.0,317.0,701.0,0.0,233.66666666666666,404.72253870192765,317.0,0.0,105.66666666666667,183.02003533311137,1943.449068461716,11.454513173644692,104762.2,137167.97823726936,255115.0,2901.0,264288.0,132144.0,178009.8895230262,258016.0,6272.0,268696.0,134348.0,183484.31022297248,264091.0,4605.0,0,0,0,0,80,72,5.727256586822346,5.727256586822346,0.0,701.0,145.42857142857142,271.9815294849126,73973.95238095238,0,0,0,1,0,0,0,0,1.0,169.66666666666666,233.66666666666666,105.66666666666667,80,0,0,0,0,0,0,3,701,3,317,65535,126,1,20,0,0,0,0,0,0,0,0,BENIGN
219.142.78.162-10.42.0.42-80-52872-6,10.42.0.42,52872,219.142.78.162,80,6,11/08/2017 10:10:39,521644,3,3,701.0,317.0,701.0,0.0,233.66666666666666,404.72253870192765,317.0,0.0,105.66666666666667,183.02003533311137,1951.5224942681216,11.502097215725668,104328.8,138219.28327914307,256800.0,515.0,261287.0,130643.5,184029.4895512673,260772.0,515.0,266999.0,133499.5,183766.4458286659,263442.0,3557.0,0,0,0,0,80,72,5.751048607862834,5.751048607862834,0.0,701.0,145.42857142857142,271.9815294849126,73973.95238095238,0,0,0,1,0,0,0,0,1.0,169.66666666666666,233.66666666666666,105.66666666666667,80,0,0,0,0,0,0,3,701,3,317,65535,126,1,20,0,0,0,0,0,0,0,0,BENIGN
219.142.78.162-10.42.0.42-80-52873-6,10.42.0.42,52873,219.142.78.162,80,6,11/08/2017 10:10:39,515772,3,3,701.0,317.0,701.0,0.0,233.66666666666666,404.72253870192765,317.0,0.0,105.66666666666667,183.02003533311137,1973.7403348766509,11.633047160373188,103154.4,138780.38674214738,256364.0,443.0,256641.0,128320.5,180846.09482236547,256198.0,443.0,261786.0,130893.0,181197.52689261516,259019.0,2767.0,0,0,0,0,80,72,5.816523580186594,5.816523580186594,0.0,701.0,145.42857142857142,271.9815294849126,73973.95238095238,0,0,0,1,0,0,0,0,1.0,169.66666666666666,233.66666666666666,105.66666666666667,80,0,0,0,0,0,0,3,701,3,317,65535,126,1,20,0,0,0,0,0,0,0,0,BENIGN
10.42.0.42-47.93.77.222-58128-443-6,10.42.0.42,58128,47.93.77.222,443,6,11/08/2017 10:10:39,783734,6,6,847.0,2596.0,520.0,0.0,141.16666666666669,203.52338113019513,1448.0,0.0,432.6666666666667,541.6396095806386,4393.072139271742,15.311317360226811,71248.54545454546,105841.76347488136,245334.0,21.0,537630.0,107526.0,131236.50127727422,254492.0,762.0,539145.0,107829.0,132965.08880717526,257182.0,21.0,0,0,0,0,200,200,7.6556586801134054,7.6556586801134054,0.0,1448.0,264.84615384615387,408.7462224400054,167073.47435897437,0,0,0,1,0,0,0,0,1.0,286.9166666666667,141.16666666666666,432.6666666666667,200,0,0,0,0,0,0,6,847,6,2596,65535,243,3,32,0,0,0,0,0,0,0,0,BENIGN
10.42.0.42-47.93.77.222-58127-443-6,10.42.0.42,58127,47.93.77.222,443,6,11/08/2017 10:10:39,786930,7,6,847.0,2596.0,520.0,0.0,121.0,193.30028453160642,1448.0,0.0,432.6666666666667,541.6396095806386,4375.230325441907,16.519893764375485,65577.49999999999,103322.03047445224,245537.0,7.0,540433.0,90072.16666666666,124795.13654692906,254217.0,7.0,541898.0,108379.6,134140.21271341416,260922.0,30.0,0,0,0,0,232,200,8.895327411586798,7.624566352788685,0.0,1448.0,245.92857142857142,399.0387419567398,159231.91758241758,0,0,0,1,0,0,0,0,0.0,264.84615384615387,121.0,432.6666666666667,232,0,0,0,0,0,0,7,847,6,2596,65535,243,3,32,0,0,0,0,0,0,0,0,BENIGN
10.42.0.42-47.93.77.222-58130-443-6,10.42.0.42,58130,47.93.77.222,443,6,11/08/2017 10:10:39,786647,6,6,847.0,2596.0,520.0,0.0,141.16666666666669,203.52338113019513,1448.0,0.0,432.6666666666667,541.6396095806386,4376.804335362622,15.254618653601934,71513.36363636365,107260.26286120387,245990.0,23.0,539667.0,107933.4,130952.03254741791,252637.0,1541.0,541171.0,108234.2,136138.74629105412,262229.0,23.0,0,0,0,0,200,200,7.627309326800967,7.627309326800967,0.0,1448.0,264.84615384615387,408.7462224400054,167073.47435897437,0,0,0,1,0,0,0,0,1.0,286.9166666666667,141.16666666666666,432.6666666666667,200,0,0,0,0,0,0,6,847,6,2596,65535,243,3,32,0,0,0,0,0,0,0,0,BENIGN
10.42.0.42-47.93.77.222-58128-443-6,10.42.0.42,58128,47.93.77.222,443,6,11/08/2017 10:10:40,2076,2,0,0.0,0.0,0.0,0.0,0.0,0.0,0,0,0,0,0.0,963.3911368015414,2076.0,0.0,2076.0,2076.0,2076.0,2076.0,0.0,2076.0,2076.0,0,0,0,0,0,0,0,0,0,64,0,963.3911368015414,0.0,0.0,0.0,0.0,0.0,0.0,0,0,0,0,1,0,0,0,0.0,0.0,0.0,0.0,64,0,0,0,0,0,0,2,0,0,0,1550,-1,0,32,0,0,0,0,0,0,0,0,BENIGN
10.42.0.42-47.93.77.222-58127-443-6,10.42.0.42,58127,47.93.77.222,443,6,11/08/2017 10:10:40,1160,2,0,0.0,0.0,0.0,0.0,0.0,0.0,0,0,0,0,0.0,1724.1379310344828,1160.0,0.0,1160.0,1160.0,1160.0,1160.0,0.0,1160.0,1160.0,0,0,0,0,0,0,0,0,0,64,0,1724.1379310344828,0.0,0.0,0.0,0.0,0.0,0.0,0,0,0,0,1,0,0,0,0.0,0.0,0.0,0.0,64,0,0,0,0,0,0,2,0,0,0,1550,-1,0,32,0,0,0,0,0,0,0,0,BENIGN
10.42.0.42-47.93.77.222-58130-443-6,10.42.0.42,58130,47.93.77.222,443,6,11/08/2017 10:10:40,1025,2,0,0.0,0.0,0.0,0.0,0.0,0.0,0,0,0,0,0.0,1951.2195121951218,1025.0,0.0,1025.0,1025.0,1025.0,1025.0,0.0,1025.0,1025.0,0,0,0,0,0,0,0,0,0,64,0,1951.2195121951218,0.0,0.0,0.0,0.0,0.0,0.0,0,0,0,0,1,0,0,0,0.0,0.0,0.0,0.0,64,0,0,0,0,0,0,2,0,0,0,1550,-1,0,32,0,0,0,0,0,0,0,0,BENIGN
10.42.0.42-123.125.29.220-42273-80-6,10.42.0.42,42273,123.125.29.220,80,6,11/08/2017 10:10:40,699097,4,3,1544.0,193.0,1460.0,0.0,386.0,717.0941360797758,193.0,0.0,64.33333333333333,111.42860195359776,2484.6337489647362,10.012916662494618,116516.16666666666,180747.78121173897,389382.0,88.0,392227.0,130742.33333333334,225894.7648714625,391583.0,88.0,309715.0,154857.5,216713.3791912719,308097.0,1618.0,0,0,0,0,100,72,5.7216666642826395,4.291249998211979,0.0,1460.0,217.125,506.91769901181056,256965.55357142855,0,0,0,1,0,0,0,0,0.0,248.14285714285714,386.0,64.33333333333333,100,0,0,0,0,0,0,4,1544,3,193,65535,137,2,20,0,0,0,0,0,0,0,0,BENIGN
219.142.78.162-10.42.0.42-80-52874-6,10.42.0.42,52874,219.142.78.162,80,6,11/08/2017 10:10:39,1136703,3,3,616.0,317.0,616.0,0.0,205.33333333333334,355.64776582080947,317.0,0.0,105.66666666666667,183.02003533311137,820.7948778176885,5.278423651560698,227340.6,250953.93943172123,615762.0,2713.0,876760.0,438380.0,250856.03012086434,615762.0,260998.0,881840.0,440920.0,619718.2825268268,879127.0,2713.0,0,0,0,0,80,72,2.639211825780349,2.639211825780349,0.0,616.0,133.28571428571428,243.4438431382169,59264.904761904756,0,0,0,1,0,0,0,0,1.0,155.5,205.33333333333334,105.66666666666667,80,0,0,0,0,0,0,3,616,3,317,65535,124,1,20,0,0,0,0,0,0,0,0,BENIGN
10.42.0.42-123.125.29.138-58200-80-6,10.42.0.42,58200,123.125.29.138,80,6,11/08/2017 10:10:38,2501408,6,4,618.0,685.0,618.0,0.0,103.0,252.29744350666735,685.0,0.0,171.25,342.5,520.9066253885811,3.997748468062787,277934.22222222225,391281.43169807387,1129546.0,827.0,2501408.0,500281.6,411678.6918287124,1131731.0,3752.0,2109454.0,703151.3333333333,613071.8216084747,1131206.0,827.0,0,0,0,0,152,104,2.3986490808376724,1.5990993872251147,0.0,685.0,118.45454545454544,263.9702118180624,69680.27272727274,0,0,0,1,0,0,0,0,0.0,130.3,103.0,171.25,152,0,0,0,0,0,0,6,618,4,685,65535,124,1,20,0,0,0,0,0,0,0,0,BENIGN
10.42.0.42-123.125.29.220-42276-80-6,10.42.0.42,42276,123.125.29.220,80,6,11/08/2017 10:10:40,739458,4,4,1500.0,193.0,1460.0,0.0,375.0,723.5790673220631,193.0,0.0,48.25,96.5,2289.514752697246,10.818734803058456,105636.85714285716,178712.74462707705,376209.0,65.0,379157.0,126385.66666666666,218396.42763638176,378568.0,65.0,363249.0,121083.0,207775.01658284134,360999.0,293.0,0,0,0,0,100,104,5.409367401529228,5.409367401529228,0.0,1460.0,188.11111111111111,481.14146683809236,231497.11111111112,0,0,0,1,0,0,0,0,1.0,211.625,375.0,48.25,100,0,0,0,0,0,0,4,1500,4,193,65535,137,2,20,0,0,0,0,0,0,0,0,BENIGN
10.42.0.42-123.125.29.220-42278-80-6,10.42.0.42,42278,123.125.29.220,80,6,11/08/2017 10:10:40,618857,4,4,1544.0,193.0,1460.0,0.0,386.0,717.0941360797758,193.0,0.0,48.25,96.5,2806.787351520626,12.927057462386303,88408.14285714286,148701.70031243598,306532.0,26.0,310965.0,103655.0,178279.80110769699,309514.0,234.0,312325.0,104108.33333333334,178362.80748612736,310060.0,26.0,0,0,0,0,100,104,6.4635287311931515,6.4635287311931515,0.0,1460.0,193.0,479.6696780076889,230082.99999999997,0,0,0,1,0,0,0,0,1.0,217.125,386.0,48.25,100,0,0,0,0,0,0,4,1544,4,193,65535,137,2,20,0,0,0,0,0,0,0,0,BENIGN
219.142.78.162-10.42.0.42-80-52888-6,10.42.0.42,52888,219.142.78.162,80,6,11/08/2017 10:10:40,547919,3,3,616.0,317.0,616.0,0.0,205.33333333333334,355.64776582080947,317.0,0.0,105.66666666666667,183.02003533311137,1702.8064367178358,10.950523708796373,109583.8,133371.48832752823,256508.0,2519.0,291104.0,145552.0,170097.36464154875,265829.0,25275.0,291411.0,145705.5,202496.29024873517,288892.0,2519.0,0,0,0,0,80,72,5.475261854398187,5.475261854398187,0.0,616.0,133.28571428571428,243.4438431382169,59264.904761904756,0,0,0,1,0,0,0,0,1.0,155.5,205.33333333333334,105.66666666666667,80,0,0,0,0,0,0,3,616,3,317,65535,124,1,20,0,0,0,0,0,0,0,0,BENIGN
10.42.0.42-123.125.29.220-42276-80-6,10.42.0.42,42276,123.125.29.220,80,6,11/08/2017 10:10:41,41689,2,0,0.0,0.0,0.0,0.0,0.0,0.0,0,0,0,0,0.0,47.97428578282041,41689.0,0.0,41689.0,41689.0,41689.0,41689.0,0.0,41689.0,41689.0,0,0,0,0,0,0,0,0,0,40,0,47.97428578282041,0.0,0.0,0.0,0.0,0.0,0.0,0,0,0,0,1,0,0,0,0.0,0.0,0.0,0.0,40,0,0,0,0,0,0,2,0,0,0,1386,-1,0,20,0,0,0,0,0,0,0,0,BENIGN
10.42.0.42-123.125.29.220-42278-80-6,10.42.0.42,42278,123.125.29.220,80,6,11/08/2017 10:10:41,43693,2,0,0.0,0.0,0.0,0.0,0.0,0.0,0,0,0,0,0.0,45.773922596296885,43693.0,0.0,43693.0,43693.0,43693.0,43693.0,0.0,43693.0,43693.0,0,0,0,0,0,0,0,0,0,40,0,45.773922596296885,0.0,0.0,0.0,0.0,0.0,0.0,0,0,0,0,1,0,0,0,0.0,0.0,0.0,0.0,40,0,0,0,0,0,0,2,0,0,0,1386,-1,0,20,0,0,0,0,0,0,0,0,BENIGN
180.149.138.210-10.42.0.42-80-34684-6,10.42.0.42,34684,180.149.138.210,80,6,11/08/2017 10:10:39,2046280,4,11,749.0,10220.0,749.0,0.0,187.25,374.49999999999994,1460.0,0.0,929.0909090909091,736.606469499889,5360.458979220831,7.330375119729461,146162.85714285713,401178.7480685189,1509984.0,12.0,1807367.0,602455.6666666667,793191.4799985772,1509984.0,41701.0,1792683.0,179268.3,485899.76601285214,1548692.0,12.0,0,0,0,0,112,244,1.954766698594523,5.375608421134938,0.0,1460.0,685.5625000000001,728.5723911641634,530817.7291666666,0,0,0,1,0,0,0,0,2.0,731.2666666666667,187.25,929.0909090909091,112,0,0,0,0,0,0,4,749,11,10220,65535,126,1,20,0,0,0,0,0,0,0,0,BENIGN
180.149.138.210-10.42.0.42-80-34684-6,180.149.138.210,80,10.42.0.42,34684,6,11/08/2017 10:10:41,18034,2,9,1724.0,0.0,1460.0,264.0,862.0,845.6997102991108,0.0,0.0,0.0,0.0,95597.2052789176,609.958966396806,1803.4,3871.5100757542486,12427.0,11.0,20.0,20.0,0.0,20.0,20.0,16451.0,2056.375,4328.428185100386,12427.0,11.0,0,0,0,0,40,260,110.90163025396473,499.0573361428413,0.0,1460.0,265.3333333333333,563.1142841108693,317097.6969696969,0,0,0,0,1,0,0,0,4.0,289.45454545454544,862.0,0.0,40,0,0,0,0,0,0,2,1724,9,0,126,1643,1,20,0,0,0,0,0,0,0,0,BENIGN
140.205.250.8-10.42.0.42-443-35899-6,10.42.0.42,35899,140.205.250.8,443,6,11/08/2017 10:10:40,577198,8,5,326.0,3449.0,200.0,0.0,40.75,78.00320506235626,1452.0,0.0,689.8,730.4985968501239,6540.216702067575,22.522600563411515,48099.83333333332,102166.89777990567,277465.0,15.0,577198.0,82456.85714285714,128240.55151475886,279761.0,591.0,259650.0,64912.5,128588.79777414516,257793.0,15.0,0,0,0,0,180,120,13.860061885176318,8.6625386782352,0.0,1452.0,269.64285714285717,522.6859046741695,273200.554945055,0,0,0,1,0,0,0,0,0.0,290.38461538461536,40.75,689.8,180,0,0,0,0,0,0,8,326,5,3449,65535,65535,2,20,0,0,0,0,0,0,0,0,BENIGN
10.42.0.42-119.146.74.34-37275-80-6,10.42.0.42,37275,119.146.74.34,80,6,11/08/2017 10:10:40,522531,4,18,350.0,19392.0,350.0,0.0,87.5,175.0,1340.0,0.0,1077.3333333333333,522.7853006619786,37781.49047616314,42.102765194792276,24882.428571428572,66082.87386121416,256182.0,4.0,358046.0,119348.66666666667,129347.4269760838,259550.0,4656.0,266349.0,15667.588235294117,45259.12968404665,164397.0,4.0,0,0,0,0,112,384,7.655048217234959,34.44771697755731,0.0,1340.0,858.3478260869565,629.3871917620744,396128.2371541502,0,0,0,1,0,0,0,0,4.0,897.3636363636364,87.5,1077.3333333333333,112,0,0,0,0,0,0,4,350,18,19392,65535,4380,1,20,0,0,0,0,0,0,0,0,BENIGN
140.205.250.8-10.42.0.42-443-35899-6,140.205.250.8,443,10.42.0.42,35899,6,11/08/2017 10:10:41,21061,3,2,327.0,0.0,258.0,0.0,109.0,133.57020625873122,0.0,0.0,0.0,0.0,15526.328284506908,237.40563126157352,5265.25,8936.591646147876,18568.0,33.0,21061.0,10530.5,14845.706871011565,21028.0,33.0,72.0,72.0,0.0,72.0,72.0,1,0,0,0,60,40,142.44337875694413,94.9622525046294,0.0,258.0,97.5,127.1624944706575,16170.3,0,1,0,0,1,0,0,0,0.0,117.0,109.0,0.0,60,0,0,0,0,0,0,3,327,2,0,65535,0,1,20,0,0,0,0,0,0,0,0,BENIGN
219.142.78.162-10.42.0.42-80-52895-6,10.42.0.42,52895,219.142.78.162,80,6,11/08/2017 10:10:41,518725,3,3,616.0,317.0,616.0,0.0,205.33333333333334,355.64776582080947,317.0,0.0,105.66666666666667,183.02003533311137,1798.6408983565473,11.566822497469758,103745.0,138922.06565913133,257818.0,1788.0,258421.0,129210.5,180202.6276514857,256633.0,1788.0,264705.0,132352.5,183658.96559792556,262219.0,2486.0,0,0,0,0,80,72,5.783411248734879,5.783411248734879,0.0,616.0,133.28571428571428,243.4438431382169,59264.904761904756,0,0,0,1,0,0,0,0,1.0,155.5,205.33333333333334,105.66666666666667,80,0,0,0,0,0,0,3,616,3,317,65535,124,1,20,0,0,0,0,0,0,0,0,BENIGN
10.42.0.42-47.93.77.222-58129-443-6,10.42.0.42,58129,47.93.77.222,443,6,11/08/2017 10:10:39,1808129,9,7,1367.0,2596.0,520.0,0.0,151.88888888888889,220.63683081278862,1448.0,0.0,370.85714285714283,517.9036038271436,2191.768397055741,8.848926155158177,120541.93333333333,203612.37562285096,749764.0,15.0,1561051.0,195131.375,255894.91063377532,749764.0,1116.0,1561990.0,260331.66666666666,402806.3460580862,1041061.0,15.0,0,0,0,0,296,232,4.977520962276475,3.8714051928817024,0.0,1448.0,233.1176470588235,374.6099442007882,140332.61029411765,0,0,0,1,0,0,0,0,0.0,247.6875,151.88888888888889,370.85714285714283,296,0,0,0,0,0,0,9,1367,7,2596,65535,243,4,32,0,0,0,0,0,0,0,0,BENIGN
10.42.0.42-47.93.77.222-58129-443-6,10.42.0.42,58129,47.93.77.222,443,6,11/08/2017 10:10:41,987,2,0,0.0,0.0,0.0,0.0,0.0,0.0,0,0,0,0,0.0,2026.3424518743668,987.0,0.0,987.0,987.0,987.0,987.0,0.0,987.0,987.0,0,0,0,0,0,0,0,0,0,64,0,2026.3424518743668,0.0,0.0,0.0,0.0,0.0,0.0,0,0,0,0,1,0,0,0,0.0,0.0,0.0,0.0,64,0,0,0,0,0,0,2,0,0,0,1550,-1,0,32,0,0,0,0,0,0,0,0,BENIGN
174.35.73.84-10.42.0.42-80-58954-6,10.42.0.42,58954,174.35.73.84,80,6,11/08/2017 10:10:35,6558560,7,10,360.0,8344.0,360.0,0.0,51.42857142857143,136.0672102833218,1448.0,0.0,834.4,678.7681980371993,1327.1205874460247,2.592032397355517,409910.0,1615772.6558693005,6468962.0,4.0,89598.0,14933.0,20921.99405410488,47960.0,67.0,6535624.0,726180.4444444445,2158410.1353103695,6481787.0,4.0,0,0,0,0,244,328,1.0673074577346247,1.5247249396208924,0.0,1448.0,483.55555555555566,643.0397684364862,413500.1437908497,0,0,0,1,0,0,0,0,1.0,512.0,51.42857142857143,834.4,244,0,0,0,0,0,0,7,360,10,8344,65535,676,1,32,0,0,0,0,0,0,0,0,BENIGN
174.35.73.84-10.42.0.42-80-58951-6,10.42.0.42,58951,174.35.73.84,80,6,11/08/2017 10:10:35,6559750,5,7,370.0,4195.0,370.0,0.0,74.0,165.46903033498444,1448.0,0.0,599.2857142857142,662.9315485743895,695.910667327261,1.8293380083082433,596340.9090909091,1947395.2925233466,6467876.0,16.0,91874.0,22968.5,25700.30289704773,48600.0,26.0,6536194.0,1089365.6666666667,2641957.2099866164,6482101.0,16.0,0,0,0,0,168,232,0.7622241701284348,1.0671138381798086,0.0,1448.0,351.1538461538462,554.1326324617369,307062.9743589743,0,0,0,1,0,0,0,0,1.0,380.4166666666667,74.0,599.2857142857143,168,0,0,0,0,0,0,5,370,7,4195,65535,676,1,32,0,0,0,0,0,0,0,0,BENIGN
174.35.73.84-10.42.0.42-80-58953-6,10.42.0.42,58953,174.35.73.84,80,6,11/08/2017 10:10:35,6559199,16,26,355.0,32222.0,355.0,0.0,22.187499999999996,88.75,1448.0,0.0,1239.3076923076924,498.5402506703561,4966.612539122537,6.403220881086243,159980.46341463417,1011188.5431236873,6476705.0,5.0,82494.0,5499.6,13545.950363748674,48033.0,5.0,6536192.0,261447.67999999996,1296518.8688587644,6484567.0,6.0,0,0,0,0,520,840,2.439322240413807,3.963898640672436,0.0,1448.0,757.6046511627907,717.0055169985953,514096.911406423,0,0,0,1,0,0,0,0,1.0,775.6428571428571,22.1875,1239.3076923076924,520,0,0,0,0,0,0,16,355,26,32222,65535,676,1,32,0,0,0,0,0,0,0,0,BENIGN
174.35.73.84-10.42.0.42-80-58952-6,10.42.0.42,58952,174.35.73.84,80,6,11/08/2017 10:10:35,6559617,7,14,349.0,13475.0,349.0,0.0,49.857142857142854,131.90960108022028,1448.0,0.0,962.4999999999999,608.7094481833614,2107.4401142627685,3.2014064235762545,327980.85000000003,1447309.5137341556,6476809.0,6.0,82808.0,13801.333333333334,21807.01611561441,48310.0,6.0,6536335.0,502795.0,1797056.6207708,6483598.0,9.0,0,0,0,0,232,456,1.0671354745254182,2.1342709490508365,0.0,1448.0,628.3636363636364,662.6729097234814,439135.38528138533,0,0,0,1,0,0,0,0,2.0,658.2857142857143,49.857142857142854,962.5,232,0,0,0,0,0,0,7,349,14,13475,65535,677,1,32,0,0,0,0,0,0,0,0,BENIGN
174.35.73.84-10.42.0.42-80-58953-6,10.42.0.42,58953,174.35.73.84,80,6,11/08/2017 10:10:41,18367,1,1,0.0,0.0,0.0,0.0,0.0,0.0,0.0,0.0,0.0,0.0,0.0,108.89094571786354,18367.0,0.0,18367.0,18367.0,0,0,0,0,0,0,0,0,0,0,0,0,0,0,32,32,54.44547285893177,54.44547285893177,0.0,0.0,0.0,0.0,0.0,0,0,0,0,1,0,0,0,1.0,0.0,0.0,0.0,32,0,0,0,0,0,0,1,0,1,0,2381,676,0,32,0,0,0,0,0,0,0,0,BENIGN
174.35.73.84-10.42.0.42-80-58954-6,10.42.0.42,58954,174.35.73.84,80,6,11/08/2017 10:10:41,23461,1,1,0.0,0.0,0.0,0.0,0.0,0.0,0.0,0.0,0.0,0.0,0.0,85.24785814756405,23461.0,0.0,23461.0,23461.0,0,0,0,0,0,0,0,0,0,0,0,0,0,0,32,32,42.62392907378202,42.62392907378202,0.0,0.0,0.0,0.0,0.0,0,0,0,0,1,0,0,0,1.0,0.0,0.0,0.0,32,0,0,0,0,0,0,1,0,1,0,1612,676,0,32,0,0,0,0,0,0,0,0,BENIGN
174.35.73.84-10.42.0.42-80-58952-6,10.42.0.42,58952,174.35.73.84,80,6,11/08/2017 10:10:41,23427,1,1,0.0,0.0,0.0,0.0,0.0,0.0,0.0,0.0,0.0,0.0,0.0,85.37157980108422,23427.0,0.0,23427.0,23427.0,0,0,0,0,0,0,0,0,0,0,0,0,0,0,32,32,42.68578990054211,42.68578990054211,0.0,0.0,0.0,0.0,0.0,0,0,0,0,1,0,0,0,1.0,0.0,0.0,0.0,32,0,0,0,0,0,0,1,0,1,0,1838,677,0,32,0,0,0,0,0,0,0,0,BENIGN
222.73.28.96-10.42.0.42-80-41603-6,10.42.0.42,41603,222.73.28.96,80,6,11/08/2017 10:10:41,535505,3,7,451.0,5843.0,451.0,0.0,150.33333333333334,260.38497140452125,1460.0,0.0,834.7142857142857,760.8689581186576,11753.391658341192,18.673961961139486,59500.555555555555,117100.76923222058,278032.0,14.0,255950.0,127975.0,180368.79774506454,255515.0,435.0,282017.0,47002.83333333333,114387.58246141346,280494.0,14.0,0,0,0,0,80,152,5.602188588341845,13.07177337279764,0.0,1460.0,572.1818181818182,703.7651338595595,495285.3636363636,0,0,0,1,0,0,0,0,2.0,629.4,150.33333333333334,834.7142857142857,80,0,0,0,0,0,0,3,451,7,5843,65535,62,1,20,0,0,0,0,0,0,0,0,BENIGN
222.73.28.96-10.42.0.42-80-41603-6,10.42.0.42,41603,222.73.28.96,80,6,11/08/2017 10:10:41,1891,4,0,0.0,0.0,0.0,0.0,0.0,0.0,0,0,0,0,0.0,2115.282919090428,630.3333333333334,490.6162791156989,1127.0,146.0,1891.0,630.3333333333334,490.6162791156989,1127.0,146.0,0,0,0,0,0,0,0,0,0,80,0,2115.282919090428,0.0,0.0,0.0,0.0,0.0,0.0,0,0,0,0,1,0,0,0,0.0,0.0,0.0,0.0,80,0,0,0,0,0,0,4,0,0,0,1460,-1,0,20,0,0,0,0,0,0,0,0,BENIGN
174.35.73.84-10.42.0.42-80-58951-6,10.42.0.42,58951,174.35.73.84,80,6,11/08/2017 10:10:41,154881,2,0,0.0,0.0,0.0,0.0,0.0,0.0,0,0,0,0,0.0,12.913139765368252,154881.0,0.0,154881.0,154881.0,154881.0,154881.0,0.0,154881.0,154881.0,0,0,0,0,0,0,0,0,0,64,0,12.913139765368252,0.0,0.0,0.0,0.0,0.0,0.0,0,0,0,0,1,0,0,0,0.0,0.0,0.0,0.0,64,0,0,0,0,0,0,2,0,0,0,1522,-1,0,32,0,0,0,0,0,0,0,0,BENIGN
174.35.73.84-10.42.0.42-80-58953-6,10.42.0.42,58953,174.35.73.84,80,6,11/08/2017 10:10:41,134600,2,0,0.0,0.0,0.0,0.0,0.0,0.0,0,0,0,0,0.0,14.85884101040119,134600.0,0.0,134600.0,134600.0,134600.0,134600.0,0.0,134600.0,134600.0,0,0,0,0,0,0,0,0,0,76,0,14.85884101040119,0.0,0.0,0.0,0.0,0.0,0.0,0,0,0,0,1,0,0,0,0.0,0.0,0.0,0.0,76,0,0,0,0,0,0,2,0,0,0,2381,-1,0,32,0,0,0,0,0,0,0,0,BENIGN
174.35.73.84-10.42.0.42-80-58952-6,10.42.0.42,58952,174.35.73.84,80,6,11/08/2017 10:10:41,129646,2,0,0.0,0.0,0.0,0.0,0.0,0.0,0,0,0,0,0.0,15.426623266433209,129646.0,0.0,129646.0,129646.0,129646.0,129646.0,0.0,129646.0,129646.0,0,0,0,0,0,0,0,0,0,76,0,15.426623266433209,0.0,0.0,0.0,0.0,0.0,0.0,0,0,0,0,1,0,0,0,0.0,0.0,0.0,0.0,76,0,0,0,0,0,0,2,0,0,0,1838,-1,0,32,0,0,0,0,0,0,0,0,BENIGN
174.35.73.84-10.42.0.42-80-58954-6,10.42.0.42,58954,174.35.73.84,80,6,11/08/2017 10:10:41,129737,2,0,0.0,0.0,0.0,0.0,0.0,0.0,0,0,0,0,0.0,15.415802739388148,129737.0,0.0,129737.0,129737.0,129737.0,129737.0,0.0,129737.0,129737.0,0,0,0,0,0,0,0,0,0,76,0,15.415802739388148,0.0,0.0,0.0,0.0,0.0,0.0,0,0,0,0,1,0,0,0,0.0,0.0,0.0,0.0,76,0,0,0,0,0,0,2,0,0,0,1612,-1,0,32,0,0,0,0,0,0,0,0,BENIGN
222.73.28.96-10.42.0.42-80-41604-6,10.42.0.42,41604,222.73.28.96,80,6,11/08/2017 10:10:41,595220,3,6,452.0,3047.0,452.0,0.0,150.66666666666666,260.96232167371085,1460.0,0.0,507.8333333333333,739.1834458824594,5878.498706360674,15.120459661973724,74402.5,134891.71010533915,306768.0,15.0,287388.0,143694.0,195871.4068157984,282196.0,5192.0,316818.0,63363.6,141090.838645888,315754.0,15.0,0,0,0,0,80,132,5.040153220657908,10.080306441315816,0.0,1460.0,349.9,601.7874209386567,362148.1,0,0,0,1,0,0,0,0,2.0,388.77777777777777,150.66666666666666,507.8333333333333,80,0,0,0,0,0,0,3,452,6,3047,65535,62,1,20,0,0,0,0,0,0,0,0,BENIGN
222.73.28.96-10.42.0.42-80-41602-6,10.42.0.42,41602,222.73.28.96,80,6,11/08/2017 10:10:41,596319,3,7,454.0,5947.0,454.0,0.0,151.33333333333334,262.1170222120901,1460.0,0.0,849.5714285714286,762.1731774216096,10734.187574100439,16.769547842681515,66257.66666666667,128913.28192529271,307492.0,4.0,287758.0,143879.0,203020.2563735944,287436.0,322.0,317327.0,52887.83333333333,129024.72143805104,316258.0,4.0,0,0,0,0,80,152,5.030864352804455,11.738683489877062,0.0,1460.0,581.9090909090909,708.460648807745,501916.4909090909,0,0,0,1,0,0,0,0,2.0,640.1,151.33333333333334,849.5714285714286,80,0,0,0,0,0,0,3,454,7,5947,65535,62,1,20,0,0,0,0,0,0,0,0,BENIGN
222.73.28.96-10.42.0.42-80-41601-6,10.42.0.42,41601,222.73.28.96,80,6,11/08/2017 10:10:41,596968,3,7,451.0,6445.0,451.0,0.0,150.33333333333334,260.38497140452125,1460.0,0.0,920.7142857142858,702.1896026681384,11551.707964245988,16.751316653488963,66329.77777777777,128888.24018289817,307491.0,14.0,287983.0,143991.5,202931.86802594608,287486.0,497.0,317914.0,52985.66666666667,129056.35821402473,316420.0,14.0,0,0,0,0,80,152,5.025394996046689,11.725921657442274,0.0,1460.0,626.9090909090909,690.8444766436878,477266.09090909094,0,0,0,1,0,0,0,0,2.0,689.6,150.33333333333334,920.7142857142857,80,0,0,0,0,0,0,3,451,7,6445,65535,62,1,20,0,0,0,0,0,0,0,0,BENIGN
222.73.28.96-10.42.0.42-80-41605-6,10.42.0.42,41605,222.73.28.96,80,6,11/08/2017 10:10:41,583813,3,6,451.0,5790.0,451.0,0.0,150.33333333333334,260.38497140452125,1460.0,0.0,965.0,747.7365846339204,10690.06685359867,15.415895158209906,72976.62499999999,134284.26246898514,304112.0,14.0,278312.0,139156.0,195765.34079862043,277583.0,729.0,307510.0,61502.0,136746.57658054918,306121.0,14.0,0,0,0,0,80,132,5.1386317194033015,10.277263438806603,0.0,1460.0,624.1,721.9797550254901,521254.7666666667,0,0,0,1,0,0,0,0,2.0,693.4444444444445,150.33333333333334,965.0,80,0,0,0,0,0,0,3,451,6,5790,65535,62,1,20,0,0,0,0,0,0,0,0,BENIGN
222.73.28.96-10.42.0.42-80-41604-6,10.42.0.42,41604,222.73.28.96,80,6,11/08/2017 10:10:42,30127,4,0,0.0,0.0,0.0,0.0,0.0,0.0,0,0,0,0,0.0,132.77126829754042,10042.333333333332,17347.944325865625,30074.0,6.0,30127.0,10042.333333333332,17347.944325865625,30074.0,6.0,0,0,0,0,0,0,0,0,0,80,0,132.77126829754042,0.0,0.0,0.0,0.0,0.0,0.0,0,0,0,0,1,0,0,0,0.0,0.0,0.0,0.0,80,0,0,0,0,0,0,4,0,0,0,1415,-1,0,20,0,0,0,0,0,0,0,0,BENIGN
222.73.28.96-10.42.0.42-80-41602-6,10.42.0.42,41602,222.73.28.96,80,6,11/08/2017 10:10:42,38072,4,0,0.0,0.0,0.0,0.0,0.0,0.0,0,0,0,0,0.0,105.06408909434755,12690.666666666666,10056.825410303856,23006.0,2914.0,38072.0,12690.666666666666,10056.825410303856,23006.0,2914.0,0,0,0,0,0,0,0,0,0,80,0,105.06408909434755,0.0,0.0,0.0,0.0,0.0,0.0,0,0,0,0,1,0,0,0,0.0,0.0,0.0,0.0,80,0,0,0,0,0,0,4,0,0,0,1460,-1,0,20,0,0,0,0,0,0,0,0,BENIGN
222.73.28.96-10.42.0.42-80-41601-6,10.42.0.42,41601,222.73.28.96,80,6,11/08/2017 10:10:42,12177,3,0,0.0,0.0,0.0,0.0,0.0,0.0,0,0,0,0,0.0,246.3661000246366,6088.5,8597.711352447232,12168.0,9.0,12177.0,6088.5,8597.711352447232,12168.0,9.0,0,0,0,0,0,0,0,0,0,60,0,246.3661000246366,0.0,0.0,0.0,0.0,0.0,0.0,0,0,0,0,1,0,0,0,0.0,0.0,0.0,0.0,60,0,0,0,0,0,0,3,0,0,0,1415,-1,0,20,0,0,0,0,0,0,0,0,BENIGN
222.73.28.96-10.42.0.42-80-41605-6,10.42.0.42,41605,222.73.28.96,80,6,11/08/2017 10:10:42,44267,3,0,0.0,0.0,0.0,0.0,0.0,0.0,0,0,0,0,0.0,67.77057401676193,22133.5,29535.143143380905,43018.0,1249.0,44267.0,22133.5,29535.143143380905,43018.0,1249.0,0,0,0,0,0,0,0,0,0,60,0,67.77057401676193,0.0,0.0,0.0,0.0,0.0,0.0,0,0,0,0,1,0,0,0,0.0,0.0,0.0,0.0,60,0,0,0,0,0,0,3,0,0,0,1415,-1,0,20,0,0,0,0,0,0,0,0,BENIGN
219.142.78.162-10.42.0.42-80-52906-6,10.42.0.42,52906,219.142.78.162,80,6,11/08/2017 10:10:41,518877,3,3,774.0,317.0,774.0,0.0,258.0,446.86910835277035,317.0,0.0,105.66666666666667,183.02003533311137,2102.617768758299,11.563434108661589,103775.4,138056.5287601423,255753.0,481.0,260574.0,130287.0,183573.40567740198,260093.0,481.0,264644.0,132322.0,183525.3224162813,262094.0,2550.0,0,0,0,0,80,72,5.7817170543307945,5.7817170543307945,0.0,774.0,155.85714285714286,297.07598835507196,88254.14285714286,0,0,0,1,0,0,0,0,1.0,181.83333333333334,258.0,105.66666666666667,80,0,0,0,0,0,0,3,774,3,317,65535,127,1,20,0,0,0,0,0,0,0,0,BENIGN
222.73.28.96-10.42.0.42-80-41606-6,10.42.0.42,41606,222.73.28.96,80,6,11/08/2017 10:10:41,622074,3,7,443.0,6376.0,443.0,0.0,147.66666666666666,255.76616925100421,1460.0,0.0,910.8571428571429,707.8218769745744,10961.71838077142,16.075257927513448,69119.33333333333,136014.4883109884,323283.0,14.0,297559.0,148779.5,209229.3610191935,296727.0,832.0,328005.0,54667.5,133304.1758997069,326773.0,14.0,0,0,0,0,80,152,4.822577378254034,11.252680549259413,0.0,1460.0,619.909090909091,691.5768149013462,478278.4909090909,0,0,0,1,0,0,0,0,2.0,681.9,147.66666666666666,910.8571428571429,80,0,0,0,0,0,0,3,443,7,6376,65535,62,1,20,0,0,0,0,0,0,0,0,BENIGN
222.73.28.96-10.42.0.42-80-41606-6,10.42.0.42,41606,222.73.28.96,80,6,11/08/2017 10:10:42,2549,5,0,0.0,0.0,0.0,0.0,0.0,0.0,0,0,0,0,0.0,1961.5535504119262,637.25,929.137727501508,2026.0,116.0,2549.0,637.25,929.137727501508,2026.0,116.0,0,0,0,0,0,0,0,0,0,100,0,1961.5535504119262,0.0,0.0,0.0,0.0,0.0,0.0,0,0,0,0,1,0,0,0,0.0,0.0,0.0,0.0,100,0,0,0,0,0,0,5,0,0,0,1415,-1,0,20,0,0,0,0,0,0,0,0,BENIGN
10.42.0.42-123.125.29.220-42298-80-6,10.42.0.42,42298,123.125.29.220,80,6,11/08/2017 10:10:41,634295,4,3,1482.0,193.0,1460.0,0.0,370.5,726.4073696395616,193.0,0.0,64.33333333333333,111.42860195359776,2640.72710647254,11.035874474810615,105715.83333333333,147415.87749549458,299206.0,114.0,334310.0,111436.66666666666,192672.7723611547,333916.0,114.0,343973.0,171986.5,242123.96847999166,343194.0,779.0,0,0,0,0,100,72,6.306213985606066,4.72966048920455,0.0,1460.0,209.375,509.7099840665698,259804.26785714287,0,0,0,1,0,0,0,0,0.0,239.28571428571428,370.5,64.33333333333333,100,0,0,0,0,0,0,4,1482,3,193,65535,137,2,20,0,0,0,0,0,0,0,0,BENIGN
219.142.78.162-10.42.0.42-80-52908-6,10.42.0.42,52908,219.142.78.162,80,6,11/08/2017 10:10:41,525122,3,3,701.0,317.0,701.0,0.0,233.66666666666666,404.72253870192765,317.0,0.0,105.66666666666667,183.02003533311137,1938.597126001196,11.425916263268345,105024.4,137813.22725812643,256391.0,10.0,265949.0,132974.5,188040.1992141574,265939.0,10.0,269648.0,134824.0,186735.58720286822,266866.0,2782.0,0,0,0,0,80,72,5.712958131634172,5.712958131634172,0.0,701.0,145.42857142857142,271.9815294849126,73973.95238095238,0,0,0,1,0,0,0,0,1.0,169.66666666666666,233.66666666666666,105.66666666666667,80,0,0,0,0,0,0,3,701,3,317,65535,126,1,20,0,0,0,0,0,0,0,0,BENIGN
10.42.0.42-123.125.29.138-58200-80-6,123.125.29.138,80,10.42.0.42,58200,6,11/08/2017 10:10:41,1165979,2,0,0.0,0.0,0.0,0.0,0.0,0.0,0,0,0,0,0.0,1.7152967592040678,1165979.0,0.0,1165979.0,1165979.0,1165979.0,1165979.0,0.0,1165979.0,1165979.0,0,0,0,0,0,0,0,0,0,40,0,1.7152967592040678,0.0,0.0,0.0,0.0,0.0,0.0,0,0,0,0,1,0,0,0,0.0,0.0,0.0,0.0,40,0,0,0,0,0,0,2,0,0,0,124,-1,0,20,0,0,0,0,0,0,0,0,BENIGN
222.73.28.96-10.42.0.42-80-41611-6,10.42.0.42,41611,222.73.28.96,80,6,11/08/2017 10:10:42,686419,3,9,451.0,7847.0,451.0,0.0,150.33333333333334,260.38497140452125,1460.0,0.0,871.8888888888889,711.6885632853117,12088.826212561133,17.482033568418125,62401.72727272728,138009.75273805176,352168.0,1.0,333029.0,166514.5,234958.1483594472,332655.0,374.0,355854.0,44481.75,125319.85880452352,354632.0,1.0,0,0,0,0,80,192,4.370508392104531,13.111525176313593,0.0,1460.0,638.3076923076924,695.2482032357682,483370.06410256407,0,0,0,1,0,0,0,0,3.0,691.5,150.33333333333334,871.8888888888889,80,0,0,0,0,0,0,3,451,9,7847,65535,62,1,20,0,0,0,0,0,0,0,0,BENIGN
222.73.28.96-10.42.0.42-80-41611-6,10.42.0.42,41611,222.73.28.96,80,6,11/08/2017 10:10:42,51844,5,0,0.0,0.0,0.0,0.0,0.0,0.0,0,0,0,0,0.0,96.44317568088881,12961.0,15463.441315998627,31460.0,36.0,51844.0,12961.0,15463.441315998627,31460.0,36.0,0,0,0,0,0,0,0,0,0,100,0,96.44317568088881,0.0,0.0,0.0,0.0,0.0,0.0,0,0,0,0,1,0,0,0,0.0,0.0,0.0,0.0,100,0,0,0,0,0,0,5,0,0,0,1415,-1,0,20,0,0,0,0,0,0,0,0,BENIGN
10.42.0.42-119.146.74.34-37275-80-6,10.42.0.42,37275,119.146.74.34,80,6,11/08/2017 10:10:41,1332340,25,10,0.0,13400.0,0.0,0.0,0.0,0.0,1340.0,1340.0,1340.0,0.0,10057.492832159958,26.26957083026855,39186.470588235294,177295.15318491575,1013855.0,5.0,1332340.0,55514.16666666667,211242.38462891424,1016218.0,5.0,1066198.0,118466.44444444444,336703.679276048,1016197.0,21.0,0,0,0,0,1140,200,18.763979164477533,7.505591665791014,0.0,1340.0,372.22222222222223,608.7040618565271,370520.63492063485,0,0,0,0,1,0,0,0,0.0,382.85714285714283,0.0,1340.0,1140,0,0,0,0,0,0,25,0,10,13400,1415,4380,0,20,0,0,0,0,0,0,0,0,BENIGN
10.42.0.42-123.125.29.220-42305-80-6,10.42.0.42,42305,123.125.29.220,80,6,11/08/2017 10:10:42,690508,4,4,1482.0,193.0,1460.0,0.0,370.5,726.4073696395616,193.0,0.0,48.25,96.5,2425.750317157803,11.585673156574579,98643.99999999999,141575.05872739968,303236.0,62.0,385703.0,128567.66666666666,154757.25752394728,300359.0,62.0,391935.0,130645.0,224925.0979392918,390366.0,558.0,0,0,0,0,100,104,5.7928365782872895,5.7928365782872895,0.0,1460.0,186.11111111111111,481.87094860668986,232199.61111111112,0,0,0,1,0,0,0,0,1.0,209.375,370.5,48.25,100,0,0,0,0,0,0,4,1482,4,193,65535,137,2,20,0,0,0,0,0,0,0,0,BENIGN
10.42.0.42-123.125.29.220-42306-80-6,10.42.0.42,42306,123.125.29.220,80,6,11/08/2017 10:10:42,642609,4,4,1468.0,193.0,1460.0,0.0,367.0,728.6764256742038,193.0,0.0,48.25,96.5,2584.7755011212107,12.449249854888432,91801.28571428571,143834.9262670166,303049.0,14.0,338063.0,112687.66666666666,165074.73592689264,302259.0,677.0,342537.0,114179.0,196468.76209972924,341040.0,14.0,0,0,0,0,100,92,6.224624927444216,6.224624927444216,0.0,1460.0,184.55555555555554,482.4891478342054,232795.77777777775,0,0,0,1,0,0,0,0,1.0,207.625,367.0,48.25,100,0,0,0,0,0,0,4,1468,4,193,65535,137,2,20,0,0,0,0,0,0,0,0,BENIGN
222.73.28.96-10.42.0.42-80-41614-6,10.42.0.42,41614,222.73.28.96,80,6,11/08/2017 10:10:42,797890,3,7,463.0,6352.0,463.0,0.0,154.33333333333334,267.3131746347967,1460.0,0.0,907.4285714285714,709.9950368706477,8541.277619722017,12.533055935028639,88654.44444444444,139604.98074487806,323778.0,2.0,472750.0,236375.0,106751.91075573309,311860.0,160890.0,488165.0,81360.83333333333,198625.59263037247,486803.0,2.0,0,0,0,0,80,152,3.7599167805085916,8.773139154520047,0.0,1460.0,619.5454545454545,691.4268383041497,478071.07272727275,0,0,0,1,0,0,0,0,2.0,681.5,154.33333333333334,907.4285714285714,80,0,0,0,0,0,0,3,463,7,6352,65535,62,1,20,0,0,0,0,0,0,0,0,BENIGN
222.73.28.96-10.42.0.42-80-41614-6,10.42.0.42,41614,222.73.28.96,80,6,11/08/2017 10:10:42,6703,2,0,0.0,0.0,0.0,0.0,0.0,0.0,0,0,0,0,0.0,298.37386244964944,6703.0,0.0,6703.0,6703.0,6703.0,6703.0,0.0,6703.0,6703.0,0,0,0,0,0,0,0,0,0,40,0,298.37386244964944,0.0,0.0,0.0,0.0,0.0,0.0,0,0,0,0,1,0,0,0,0.0,0.0,0.0,0.0,40,0,0,0,0,0,0,2,0,0,0,1552,-1,0,20,0,0,0,0,0,0,0,0,BENIGN
222.73.28.96-10.42.0.42-80-41612-6,10.42.0.42,41612,222.73.28.96,80,6,11/08/2017 10:10:42,864452,3,6,452.0,5773.0,452.0,0.0,150.66666666666666,260.96232167371085,1460.0,0.0,962.1666666666666,745.742694678712,7201.093872187235,10.411220056174317,108056.50000000001,157715.21064337998,353217.0,7.0,510073.0,255036.5,117441.24396693012,338080.0,171993.0,528028.0,105605.6,235491.85132674975,526866.0,7.0,0,0,0,0,80,132,3.470406685391439,6.940813370782878,0.0,1460.0,622.5,719.9143853419115,518276.72222222225,0,0,0,1,0,0,0,0,2.0,691.6666666666666,150.66666666666666,962.1666666666666,80,0,0,0,0,0,0,3,452,6,5773,65535,62,1,20,0,0,0,0,0,0,0,0,BENIGN
222.73.28.96-10.42.0.42-80-41613-6,10.42.0.42,41613,222.73.28.96,80,6,11/08/2017 10:10:42,833636,3,7,451.0,5353.0,451.0,0.0,150.33333333333334,260.38497140452125,1460.0,0.0,764.7142857142857,722.0675670798207,6962.271303062727,11.995643182396153,92626.22222222223,147874.72351181065,348635.0,7.0,473340.0,236670.0,143906.12946639903,338427.0,134913.0,498573.0,83095.5,197878.61732966502,486912.0,7.0,0,0,0,0,80,152,3.598692954718846,8.396950227677307,0.0,1460.0,527.6363636363636,660.5152947097096,436280.4545454545,0,0,0,1,0,0,0,0,2.0,580.4,150.33333333333334,764.7142857142857,80,0,0,0,0,0,0,3,451,7,5353,65535,62,1,20,0,0,0,0,0,0,0,0,BENIGN
222.73.28.96-10.42.0.42-80-41612-6,10.42.0.42,41612,222.73.28.96,80,6,11/08/2017 10:10:42,23621,2,0,0.0,0.0,0.0,0.0,0.0,0.0,0,0,0,0,0.0,84.67042038863723,23621.0,0.0,23621.0,23621.0,23621.0,23621.0,0.0,23621.0,23621.0,0,0,0,0,0,0,0,0,0,40,0,84.67042038863723,0.0,0.0,0.0,0.0,0.0,0.0,0,0,0,0,1,0,0,0,0.0,0.0,0.0,0.0,40,0,0,0,0,0,0,2,0,0,0,1506,-1,0,20,0,0,0,0,0,0,0,0,BENIGN
222.73.28.96-10.42.0.42-80-41613-6,10.42.0.42,41613,222.73.28.96,80,6,11/08/2017 10:10:42,24156,3,0,0.0,0.0,0.0,0.0,0.0,0.0,0,0,0,0,0.0,124.19274714356682,12078.0,17037.030785908675,24125.0,31.0,24156.0,12078.0,17037.030785908675,24125.0,31.0,0,0,0,0,0,0,0,0,0,60,0,124.19274714356682,0.0,0.0,0.0,0.0,0.0,0.0,0,0,0,0,1,0,0,0,0.0,0.0,0.0,0.0,60,0,0,0,0,0,0,3,0,0,0,1415,-1,0,20,0,0,0,0,0,0,0,0,BENIGN
219.142.78.162-10.42.0.42-80-52913-6,10.42.0.42,52913,219.142.78.162,80,6,11/08/2017 10:10:42,869604,3,3,774.0,317.0,774.0,0.0,258.0,446.86910835277035,317.0,0.0,105.66666666666667,183.02003533311137,1254.5940451055883,6.899692273724591,173920.8,160569.91754279504,350147.0,2793.0,609317.0,304658.5,64330.45363200853,350147.0,259170.0,613776.0,306888.0,430055.27324984636,610983.0,2793.0,0,0,0,0,80,72,3.4498461368622957,3.4498461368622957,0.0,774.0,155.85714285714286,297.07598835507196,88254.14285714286,0,0,0,1,0,0,0,0,1.0,181.83333333333334,258.0,105.66666666666667,80,0,0,0,0,0,0,3,774,3,317,65535,127,1,20,0,0,0,0,0,0,0,0,BENIGN
10.42.0.42-123.125.29.220-42296-80-6,10.42.0.42,42296,123.125.29.220,80,6,11/08/2017 10:10:41,1464665,3,3,1374.0,193.0,1374.0,0.0,458.0,793.2792698665457,193.0,0.0,64.33333333333333,111.42860195359776,1069.8692192412598,4.096499882225628,292933.0,360042.9914475492,883896.0,415.0,291362.0,145681.0,205437.14735169002,290947.0,415.0,1177384.0,588692.0,417481.50046678714,883896.0,293488.0,0,0,0,0,80,72,2.048249941112814,2.048249941112814,0.0,1374.0,223.85714285714286,512.240317485009,262390.14285714284,0,0,0,1,0,0,0,0,1.0,261.1666666666667,458.0,64.33333333333333,80,0,0,0,0,0,0,3,1374,3,193,65535,136,1,20,0,0,0,0,0,0,0,0,BENIGN
219.142.78.162-10.42.0.42-80-52923-6,10.42.0.42,52923,219.142.78.162,80,6,11/08/2017 10:10:42,520223,3,3,701.0,317.0,701.0,0.0,233.66666666666666,404.72253870192765,317.0,0.0,105.66666666666667,183.02003533311137,1956.8531187586862,11.53351543472703,104044.6,137992.20738070682,256315.0,2286.0,263613.0,131806.5,179314.5015343154,258601.0,5012.0,263908.0,131954.0,183041.6613779497,261384.0,2524.0,0,0,0,0,80,72,5.766757717363515,5.766757717363515,0.0,701.0,145.42857142857142,271.9815294849126,73973.95238095238,0,0,0,1,0,0,0,0,1.0,169.66666666666666,233.66666666666666,105.66666666666667,80,0,0,0,0,0,0,3,701,3,317,65535,126,1,20,0,0,0,0,0,0,0,0,BENIGN
219.142.78.162-10.42.0.42-80-52928-6,10.42.0.42,52928,219.142.78.162,80,6,11/08/2017 10:10:42,520661,3,3,701.0,317.0,701.0,0.0,233.66666666666666,404.72253870192765,317.0,0.0,105.66666666666667,183.02003533311137,1955.2069388719337,11.52381299924519,104132.2,138087.4294774872,256327.0,327.0,263567.0,131783.5,185907.56516209876,263240.0,327.0,264334.0,132167.0,183136.4136866287,261664.0,2670.0,0,0,0,0,80,72,5.761906499622595,5.761906499622595,0.0,701.0,145.42857142857142,271.9815294849126,73973.95238095238,0,0,0,1,0,0,0,0,1.0,169.66666666666666,233.66666666666666,105.66666666666667,80,0,0,0,0,0,0,3,701,3,317,65535,126,1,20,0,0,0,0,0,0,0,0,BENIGN
10.42.0.42-123.125.29.220-42329-80-6,10.42.0.42,42329,123.125.29.220,80,6,11/08/2017 10:10:43,647801,4,4,1482.0,193.0,1460.0,0.0,370.5,726.4073696395616,193.0,0.0,48.25,96.5,2585.6705994587846,12.349471519803151,92543.0,128836.90395095135,274761.0,75.0,370027.0,123342.33333333334,212453.067347434,368661.0,75.0,373787.0,124595.66666666666,213198.55446117203,370774.0,615.0,0,0,0,0,100,104,6.1747357599015755,6.1747357599015755,0.0,1460.0,186.11111111111111,481.87094860668986,232199.61111111112,0,0,0,1,0,0,0,0,1.0,209.375,370.5,48.25,100,0,0,0,0,0,0,4,1482,4,193,65535,137,2,20,0,0,0,0,0,0,0,0,BENIGN
10.42.0.42-74.125.192.188-44902-5228-6,10.42.0.42,44902,74.125.192.188,5228,6,11/08/2017 10:08:30,18106182,10,9,970.0,409.0,517.0,0.0,97.0,183.99879226656776,139.0,0.0,45.44444444444444,57.84485956226169,76.16183246142118,1.0493653493596828,1005898.9999999999,4169490.273450757,1.7712474E7,378.0,1.8106182E7,2011798.0,5887847.899127405,1.7712474E7,378.0,1.8054096E7,2256762.0,6281110.628133486,1.7801491E7,452.0,0,0,0,0,328,296,0.5522975522945699,0.4970677970651129,0.0,517.0,68.94999999999999,135.54237053602947,18371.734210526312,0,0,0,1,0,0,0,0,0.0,72.57894736842105,97.0,45.44444444444444,328,0,0,0,0,0,0,10,970,9,409,65535,175,4,32,341142.0,0.0,341142.0,341142.0,1.7712474E7,0.0,1.7712474E7,1.7712474E7,BENIGN
219.142.78.162-10.42.0.42-80-52925-6,10.42.0.42,52925,219.142.78.162,80,6,11/08/2017 10:10:42,1754282,5,4,701.0,321.0,701.0,0.0,140.2,313.4967304454705,321.0,0.0,80.25,160.5,582.5745233662548,5.130304021816333,219285.25000000003,380996.3660999369,1131822.0,2206.0,1505067.0,376266.75,510981.9930574038,1131822.0,9030.0,409501.0,136500.3333333333,199257.13051816574,365522.0,2879.0,0,0,0,0,152,104,2.850168901009074,2.2801351208072593,0.0,701.0,102.19999999999999,233.33180951883375,54443.73333333332,0,0,0,1,0,0,0,0,0.0,113.55555555555556,140.2,80.25,152,0,0,0,0,0,0,5,701,4,321,65535,126,1,20,0,0,0,0,0,0,0,0,BENIGN
10.42.0.42-123.125.29.220-42317-80-6,10.42.0.42,42317,123.125.29.220,80,6,11/08/2017 10:10:42,1782290,5,4,1468.0,193.0,1460.0,0.0,293.6,652.0466240998414,193.0,0.0,48.25,96.5,931.9471017623395,5.049683272643621,222786.24999999997,378977.00700655027,1114238.0,29.0,1505674.0,376418.5,520983.0374618736,1114238.0,77.0,394695.0,131565.0,226923.5048909654,393593.0,29.0,0,0,0,0,140,104,2.805379595913123,2.2443036767304987,0.0,1460.0,166.1,458.62365350639686,210335.65555555557,0,0,0,1,0,0,0,0,0.0,184.55555555555554,293.6,48.25,140,0,0,0,0,0,0,5,1468,4,193,65535,137,2,20,0,0,0,0,0,0,0,0,BENIGN
10.42.0.42-123.125.29.220-42320-80-6,10.42.0.42,42320,123.125.29.220,80,6,11/08/2017 10:10:43,1667175,5,4,1482.0,193.0,1460.0,0.0,296.4,650.5419279339342,193.0,0.0,48.25,96.5,1004.6935684616192,5.398353502181834,208396.875,341726.6036407456,1002491.0,8.0,1390547.0,347636.75,468309.3801953113,1002491.0,8.0,391617.0,130539.0,224948.40105899842,390286.0,29.0,0,0,0,0,140,104,2.999085278989908,2.3992682231919265,0.0,1460.0,167.5,458.1084903043043,209863.38888888888,0,0,0,1,0,0,0,0,0.0,186.11111111111111,296.4,48.25,140,0,0,0,0,0,0,5,1482,4,193,65535,137,2,20,0,0,0,0,0,0,0,0,BENIGN
10.42.0.42-123.125.29.220-42318-80-6,10.42.0.42,42318,123.125.29.220,80,6,11/08/2017 10:10:42,1732049,5,4,1510.0,193.0,1460.0,0.0,302.0,647.7036359323606,193.0,0.0,48.25,96.5,983.2285345276028,5.196157845418923,216506.12499999997,361411.05895422003,1061665.0,66.0,1453933.0,363483.25,496028.5466142548,1061665.0,349.0,395236.0,131745.33333333334,226947.79967281755,393801.0,66.0,0,0,0,0,140,104,2.886754358566068,2.3094034868528546,0.0,1460.0,170.29999999999998,457.20504760507134,209036.45555555553,0,0,0,1,0,0,0,0,0.0,189.22222222222223,302.0,48.25,140,0,0,0,0,0,0,5,1510,4,193,65535,137,2,20,0,0,0,0,0,0,0,0,BENIGN
174.35.73.84-10.42.0.42-80-58948-6,10.42.0.42,58948,174.35.73.84,80,6,11/08/2017 10:10:34,10611919,3,1,0.0,0.0,0.0,0.0,0.0,0.0,0.0,0.0,0.0,0.0,0.0,0.3769346524412785,3537306.3333333335,6103795.346911406,1.0585353E7,3471.0,1.0611919E7,5305959.5,7466189.888804362,1.0585353E7,26566.0,0,0,0,0,0,0,0,0,0,104,40,0.2827009893309589,0.09423366311031962,0.0,0.0,0.0,0.0,0.0,0,0,0,1,0,0,0,0,0.0,0.0,0.0,0.0,104,0,0,0,0,0,0,3,0,1,0,65535,65535,0,32,0,0,0,0,0,0,0,0,BENIGN
174.35.73.84-10.42.0.42-80-58948-6,174.35.73.84,80,10.42.0.42,58948,6,11/08/2017 10:10:44,83,2,0,0.0,0.0,0.0,0.0,0.0,0.0,0,0,0,0,0.0,24096.385542168675,83.0,0.0,83.0,83.0,83.0,83.0,0.0,83.0,83.0,0,0,0,0,0,0,0,0,0,64,0,24096.385542168675,0.0,0.0,0.0,0.0,0.0,0.0,0,0,0,0,1,0,0,0,0.0,0.0,0.0,0.0,64,0,0,0,0,0,0,2,0,0,0,679,-1,0,32,0,0,0,0,0,0,0,0,BENIGN
174.35.73.149-10.42.0.42-80-56143-6,10.42.0.42,56143,174.35.73.149,80,6,11/08/2017 10:10:38,6549190,5,5,458.0,1124.0,458.0,0.0,91.6,204.82382673898076,728.0,0.0,224.8,329.44073822161096,241.5565894408316,1.5269063807890746,727687.7777777778,2160590.7975371447,6489210.0,27.0,59980.0,14995.0,15105.748596698762,28344.0,34.0,6525940.0,1631485.0,3243787.246014243,6497125.0,27.0,0,0,0,0,168,168,0.7634531903945373,0.7634531903945373,0.0,728.0,143.8181818181818,258.65877838643644,66904.36363636363,0,0,0,1,0,0,0,0,1.0,158.2,91.6,224.8,168,0,0,0,0,0,0,5,458,5,1124,65535,676,1,32,0,0,0,0,0,0,0,0,BENIGN
10.42.0.42-14.29.93.254-33149-80-6,10.42.0.42,33149,14.29.93.254,80,6,11/08/2017 10:10:44,901524,5,3,578.0,438.0,578.0,0.0,115.6,258.4894581989757,438.0,0.0,146.0,252.87941790505607,1126.9805351826462,8.87386248175312,128789.14285714286,97882.78618910915,244771.0,8403.0,901524.0,225381.0,162225.8253423295,366425.0,17987.0,392741.0,196370.5,265826.18778536475,384338.0,8403.0,0,0,0,0,120,64,5.5461640510957,3.32769843065742,0.0,578.0,112.88888888888889,226.72474746068437,51404.11111111111,0,0,0,1,0,0,0,0,0.0,127.0,115.6,146.0,120,0,0,0,0,0,0,5,578,3,438,65535,8190,1,20,0,0,0,0,0,0,0,0,BENIGN
10.42.0.42-123.125.29.220-42317-80-6,10.42.0.42,42317,123.125.29.220,80,6,11/08/2017 10:10:44,138124,2,0,0.0,0.0,0.0,0.0,0.0,0.0,0,0,0,0,0.0,14.479742839767166,138124.0,0.0,138124.0,138124.0,138124.0,138124.0,0.0,138124.0,138124.0,0,0,0,0,0,0,0,0,0,40,0,14.479742839767166,0.0,0.0,0.0,0.0,0.0,0.0,0,0,0,0,1,0,0,0,0.0,0.0,0.0,0.0,40,0,0,0,0,0,0,2,0,0,0,1386,-1,0,20,0,0,0,0,0,0,0,0,BENIGN
10.42.0.42-123.125.29.220-42320-80-6,10.42.0.42,42320,123.125.29.220,80,6,11/08/2017 10:10:44,138060,2,0,0.0,0.0,0.0,0.0,0.0,0.0,0,0,0,0,0.0,14.486455164421267,138060.0,0.0,138060.0,138060.0,138060.0,138060.0,0.0,138060.0,138060.0,0,0,0,0,0,0,0,0,0,40,0,14.486455164421267,0.0,0.0,0.0,0.0,0.0,0.0,0,0,0,0,1,0,0,0,0.0,0.0,0.0,0.0,40,0,0,0,0,0,0,2,0,0,0,1386,-1,0,20,0,0,0,0,0,0,0,0,BENIGN
10.42.0.42-123.125.29.220-42318-80-6,10.42.0.42,42318,123.125.29.220,80,6,11/08/2017 10:10:44,138058,2,0,0.0,0.0,0.0,0.0,0.0,0.0,0,0,0,0,0.0,14.486665024844632,138058.0,0.0,138058.0,138058.0,138058.0,138058.0,0.0,138058.0,138058.0,0,0,0,0,0,0,0,0,0,40,0,14.486665024844632,0.0,0.0,0.0,0.0,0.0,0.0,0,0,0,0,1,0,0,0,0.0,0.0,0.0,0.0,40,0,0,0,0,0,0,2,0,0,0,1386,-1,0,20,0,0,0,0,0,0,0,0,BENIGN
174.35.73.149-10.42.0.42-80-56143-6,174.35.73.149,80,10.42.0.42,56143,6,11/08/2017 10:10:44,84493,1,2,0.0,0.0,0.0,0.0,0.0,0.0,0.0,0.0,0.0,0.0,0.0,35.50589989703289,42246.5,54753.39938761794,80963.0,3530.0,0,0,0,0,0,80963.0,80963.0,0.0,80963.0,80963.0,0,0,0,0,32,76,11.83529996567763,23.67059993135526,0.0,0.0,0.0,0.0,0.0,0,0,0,0,1,1,0,0,2.0,0.0,0.0,0.0,32,0,0,0,0,0,0,1,0,2,0,676,1409,0,32,0,0,0,0,0,0,0,0,BENIGN
180.149.138.197-10.42.0.42-80-40463-6,10.42.0.42,40463,180.149.138.197,80,6,11/08/2017 10:10:34,10421679,3,1,0.0,0.0,0.0,0.0,0.0,0.0,0.0,0.0,0.0,0.0,0.0,0.38381531421184634,3473893.0,5796036.716589018,1.0165129E7,7601.0,1.0421679E7,5210839.5,7006423.40282262,1.0165129E7,256550.0,0,0,0,0,0,0,0,0,0,80,24,0.28786148565888475,0.09595382855296158,0.0,0.0,0.0,0.0,0.0,0,0,0,1,0,0,0,0,0.0,0.0,0.0,0.0,80,0,0,0,0,0,0,3,0,1,0,65535,14600,0,20,0,0,0,0,0,0,0,0,BENIGN
216.58.217.132-10.42.0.42-443-42757-6,10.42.0.42,42757,216.58.217.132,443,6,11/08/2017 10:08:27,3416702,13,16,1403.0,5541.0,610.0,0.0,107.92307692307693,203.62688981666997,1418.0,0.0,346.31249999999994,482.8371317880733,2032.369226230441,8.48771710263289,122025.07142857146,516097.17216976144,2750830.0,5.0,3416702.0,284725.1666666667,777188.3357982663,2750830.0,980.0,3367893.0,224526.20000000004,725707.2207377336,2841460.0,5.0,0,0,0,0,424,520,3.804838701180261,4.682878401452629,0.0,1418.0,231.4666666666667,392.05785404649174,153709.36091954022,0,0,0,1,0,0,0,0,1.0,239.44827586206895,107.92307692307692,346.3125,424,0,0,0,0,0,0,13,1403,16,5541,65535,179,6,32,0,0,0,0,0,0,0,0,BENIGN
10.42.0.42-123.125.29.220-42312-80-6,10.42.0.42,42312,123.125.29.220,80,6,11/08/2017 10:10:42,2499282,5,4,2720.0,197.0,1360.0,0.0,544.0,744.9026782070259,197.0,0.0,49.25,98.5,1167.1352012297932,3.6010342170271303,312410.25,396938.7806140352,1088698.0,802.0,2211392.0,552848.0,515411.14962522883,1188106.0,802.0,2196560.0,732186.6666666667,632737.81611686,1103314.0,1595.0,0,0,0,0,132,104,2.0005745650150724,1.6004596520120578,0.0,1360.0,291.7,566.3842531552428,320791.1222222222,0,0,0,1,0,0,0,0,0.0,324.1111111111111,544.0,49.25,132,0,0,0,0,0,0,5,2720,4,197,65535,136,2,20,0,0,0,0,0,0,0,0,BENIGN
180.149.138.197-10.42.0.42-80-40463-6,180.149.138.197,80,10.42.0.42,40463,6,11/08/2017 10:10:45,841,2,0,0.0,0.0,0.0,0.0,0.0,0.0,0,0,0,0,0.0,2378.1212841854936,841.0,0.0,841.0,841.0,841.0,841.0,0.0,841.0,841.0,0,0,0,0,0,0,0,0,0,40,0,2378.1212841854936,0.0,0.0,0.0,0.0,0.0,0.0,0,0,0,0,1,0,0,0,0.0,0.0,0.0,0.0,40,0,0,0,0,0,0,2,0,0,0,14600,-1,0,20,0,0,0,0,0,0,0,0,BENIGN
10.42.0.42-123.125.29.220-42275-80-6,10.42.0.42,42275,123.125.29.220,80,6,11/08/2017 10:10:40,5094431,8,5,2964.0,201.0,1460.0,0.0,370.49999999999994,672.5225434352155,201.0,0.0,40.2,89.88993269549155,621.2666340951521,2.551806080011683,424535.91666666674,637501.5394787056,2077297.0,307.0,4803117.0,686159.5714285715,739220.8463370644,2077297.0,307.0,3802656.0,950664.0,1052080.1792211467,2363556.0,1247.0,0,0,0,0,212,124,1.5703422030841128,0.9814638769275705,0.0,1460.0,226.07142857142858,525.4341010112444,276080.99450549454,0,0,0,1,0,0,0,0,0.0,243.46153846153845,370.5,40.2,212,0,0,0,0,0,0,8,2964,5,201,65535,137,4,20,0,0,0,0,0,0,0,0,BENIGN
10.42.0.42-23.206.125.17-40959-80-6,10.42.0.42,40959,23.206.125.17,80,6,11/08/2017 10:10:35,10146863,3,1,0.0,0.0,0.0,0.0,0.0,0.0,0.0,0.0,0.0,0.0,0.0,0.3942105062421756,3382287.6666666665,5835796.177159234,1.0120874E7,2617.0,1.0146863E7,5073431.5,7138161.638798361,1.0120874E7,25989.0,0,0,0,0,0,0,0,0,0,104,40,0.29565787968163165,0.0985526265605439,0.0,0.0,0.0,0.0,0.0,0,0,0,1,0,0,0,0,0.0,0.0,0.0,0.0,104,0,0,0,0,0,0,3,0,1,0,65535,28960,0,32,0,0,0,0,0,0,0,0,BENIGN
10.42.0.42-23.206.125.17-40959-80-6,23.206.125.17,80,10.42.0.42,40959,6,11/08/2017 10:10:45,17448,2,0,0.0,0.0,0.0,0.0,0.0,0.0,0,0,0,0,0.0,114.62631820265932,17448.0,0.0,17448.0,17448.0,17448.0,17448.0,0.0,17448.0,17448.0,0,0,0,0,0,0,0,0,0,64,0,114.62631820265932,0.0,0.0,0.0,0.0,0.0,0.0,0,0,0,0,1,0,0,0,0.0,0.0,0.0,0.0,64,0,0,0,0,0,0,2,0,0,0,905,-1,0,32,0,0,0,0,0,0,0,0,BENIGN
180.149.153.68-10.42.0.42-80-44683-6,10.42.0.42,44683,180.149.153.68,80,6,11/08/2017 10:10:35,10565862,4,4,478.0,1420.0,478.0,0.0,119.5,239.00000000000003,1420.0,0.0,355.0,710.0,179.63513057429674,0.757155450260471,1509408.857142857,3737511.603239666,9981979.0,347.0,583883.0,194627.66666666666,134217.4706375192,281775.0,40066.0,1.0322123E7,3440707.6666666665,5682605.447306837,9999787.0,347.0,0,0,0,0,136,136,0.3785777251302355,0.3785777251302355,0.0,1420.0,210.88888888888886,480.18445529932666,230577.11111111107,0,0,0,1,0,0,0,0,1.0,237.25,119.5,355.0,136,0,0,0,0,0,0,4,478,4,1420,65535,122,1,32,0,0,0,0,0,0,0,0,BENIGN
180.149.153.68-10.42.0.42-80-44682-6,10.42.0.42,44682,180.149.153.68,80,6,11/08/2017 10:10:35,10566801,4,5,491.0,1755.0,491.0,0.0,122.75,245.5,1448.0,0.0,351.0,627.4846611671078,212.55250288143026,0.8517241878596937,1320850.125,3501498.472367119,9982902.0,6.0,583899.0,194633.0,134262.08629765888,281776.0,40017.0,1.0323084E7,2580771.0,4948772.48829101,1.0000443E7,6.0,0,0,0,0,136,168,0.37854408349319724,0.47318010436649655,0.0,1448.0,224.6,462.79133766982096,214175.82222222222,0,0,0,1,0,0,0,0,1.0,249.55555555555554,122.75,351.0,136,0,0,0,0,0,0,4,491,5,1755,65535,123,1,32,0,0,0,0,0,0,0,0,BENIGN
180.149.153.68-10.42.0.42-80-44683-6,10.42.0.42,44683,180.149.153.68,80,6,11/08/2017 10:10:45,108694,2,0,0.0,0.0,0.0,0.0,0.0,0.0,0,0,0,0,0.0,18.4002796842512,108694.0,0.0,108694.0,108694.0,108694.0,108694.0,0.0,108694.0,108694.0,0,0,0,0,0,0,0,0,0,64,0,18.4002796842512,0.0,0.0,0.0,0.0,0.0,0.0,0,0,0,0,1,0,0,0,0.0,0.0,0.0,0.0,64,0,0,0,0,0,0,2,0,0,0,1414,-1,0,32,0,0,0,0,0,0,0,0,BENIGN
180.149.153.68-10.42.0.42-80-44682-6,10.42.0.42,44682,180.149.153.68,80,6,11/08/2017 10:10:45,108716,2,0,0.0,0.0,0.0,0.0,0.0,0.0,0,0,0,0,0.0,18.396556164685972,108716.0,0.0,108716.0,108716.0,108716.0,108716.0,0.0,108716.0,108716.0,0,0,0,0,0,0,0,0,0,64,0,18.396556164685972,0.0,0.0,0.0,0.0,0.0,0.0,0,0,0,0,1,0,0,0,0.0,0.0,0.0,0.0,64,0,0,0,0,0,0,2,0,0,0,1460,-1,0,32,0,0,0,0,0,0,0,0,BENIGN
10.42.0.42-123.125.29.138-58294-80-6,10.42.0.42,58294,123.125.29.138,80,6,11/08/2017 10:10:45,643319,3,4,652.0,526.0,652.0,0.0,217.33333333333334,376.432375511636,521.0,0.0,131.5,259.67736392171986,1831.128880073494,10.88107144356066,107219.83333333334,154127.33078778296,305912.0,30.0,334392.0,167196.0,199419.6686437925,308207.0,26185.0,337407.0,112469.0,192038.02076932578,334208.0,30.0,0,0,0,0,80,84,4.663316332954569,6.217755110606092,0.0,652.0,147.25,273.3677533496381,74729.92857142858,0,0,0,1,0,0,0,0,1.0,168.28571428571428,217.33333333333334,131.5,80,0,0,0,0,0,0,3,652,4,526,65535,15648,1,20,0,0,0,0,0,0,0,0,BENIGN
10.42.0.42-123.125.29.138-58294-80-6,10.42.0.42,58294,123.125.29.138,80,6,11/08/2017 10:10:46,6863,2,0,0.0,0.0,0.0,0.0,0.0,0.0,0,0,0,0,0.0,291.41774734081304,6863.0,0.0,6863.0,6863.0,6863.0,6863.0,0.0,6863.0,6863.0,0,0,0,0,0,0,0,0,0,40,0,291.41774734081304,0.0,0.0,0.0,0.0,0.0,0.0,0,0,0,0,1,0,0,0,0.0,0.0,0.0,0.0,40,0,0,0,0,0,0,2,0,0,0,65535,-1,0,20,0,0,0,0,0,0,0,0,BENIGN
203.130.53.126-10.42.0.42-80-39419-6,10.42.0.42,39419,203.130.53.126,80,6,11/08/2017 10:10:36,10196623,4,2,0.0,0.0,0.0,0.0,0.0,0.0,0.0,0.0,0.0,0.0,0.0,0.5884301106356487,2039324.6,4488804.370677709,1.0069057E7,2016.0,1.0196623E7,3398874.3333333335,5776550.229917017,1.0069057E7,58310.0,100989.0,100989.0,0.0,100989.0,100989.0,0,0,0,0,112,64,0.39228674042376577,0.19614337021188288,0.0,0.0,0.0,0.0,0.0,0,0,0,1,0,0,0,0,0.0,0.0,0.0,0.0,112,0,0,0,0,0,0,4,0,2,0,65535,14600,0,20,0,0,0,0,0,0,0,0,BENIGN
10.42.0.42-113.108.216.233-50697-80-6,10.42.0.42,50697,113.108.216.233,80,6,11/08/2017 10:10:35,10413329,4,2,0.0,0.0,0.0,0.0,0.0,0.0,0.0,0.0,0.0,0.0,0.0,0.5761846187708081,2082665.8,3818369.978112218,8850520.0,6803.0,1.0413329E7,3471109.6666666665,4685041.801128388,8850520.0,285345.0,1312734.0,1312734.0,0.0,1312734.0,1312734.0,0,0,0,0,112,64,0.38412307918053873,0.19206153959026936,0.0,0.0,0.0,0.0,0.0,0,0,0,1,0,0,0,0,0.0,0.0,0.0,0.0,112,0,0,0,0,0,0,4,0,2,0,65535,14600,0,20,0,0,0,0,0,0,0,0,BENIGN
219.142.78.162-10.42.0.42-80-52955-6,10.42.0.42,52955,219.142.78.162,80,6,11/08/2017 10:10:45,541215,3,3,616.0,317.0,616.0,0.0,205.33333333333334,355.64776582080947,317.0,0.0,105.66666666666667,183.02003533311137,1723.8990050164907,11.086167234832738,108243.0,134074.25378871217,255274.0,3258.0,282683.0,141341.5,166711.03026644638,259224.0,23459.0,286779.0,143389.5,198175.86781568537,283521.0,3258.0,0,0,0,0,80,72,5.543083617416369,5.543083617416369,0.0,616.0,133.28571428571428,243.4438431382169,59264.904761904756,0,0,0,1,0,0,0,0,1.0,155.5,205.33333333333334,105.66666666666667,80,0,0,0,0,0,0,3,616,3,317,65535,124,1,20,0,0,0,0,0,0,0,0,BENIGN
222.73.28.96-10.42.0.42-80-41658-6,10.42.0.42,41658,222.73.28.96,80,6,11/08/2017 10:10:45,673636,3,7,461.0,5937.0,461.0,0.0,153.66666666666666,266.1584740964175,1460.0,0.0,848.1428571428572,763.8046060285812,9497.710929938423,14.8448123318825,74848.44444444444,146721.74640719683,335806.0,14.0,340279.0,170139.5,237267.55910680245,337913.0,2366.0,337830.0,56305.0,136986.6670504834,335926.0,14.0,0,0,0,0,80,152,4.45344369956475,10.39136863231775,0.0,1460.0,581.6363636363636,709.0148479019706,502702.05454545456,0,0,0,1,0,0,0,0,2.0,639.8,153.66666666666666,848.1428571428571,80,0,0,0,0,0,0,3,461,7,5937,65535,62,1,20,0,0,0,0,0,0,0,0,BENIGN
222.73.28.96-10.42.0.42-80-41658-6,10.42.0.42,41658,222.73.28.96,80,6,11/08/2017 10:10:46,2312,5,0,0.0,0.0,0.0,0.0,0.0,0.0,0,0,0,0,0.0,2162.6297577854675,578.0,870.1689491127571,1867.0,8.0,2312.0,578.0,870.1689491127571,1867.0,8.0,0,0,0,0,0,0,0,0,0,100,0,2162.6297577854675,0.0,0.0,0.0,0.0,0.0,0.0,0,0,0,0,1,0,0,0,0.0,0.0,0.0,0.0,100,0,0,0,0,0,0,5,0,0,0,1415,-1,0,20,0,0,0,0,0,0,0,0,BENIGN
10.42.0.42-123.59.190.237-44844-80-6,10.42.0.42,44844,123.59.190.237,80,6,11/08/2017 10:10:36,10303761,3,1,0.0,0.0,0.0,0.0,0.0,0.0,0.0,0.0,0.0,0.0,0.0,0.3882077621947947,3434587.0,5722287.101127572,1.0040422E7,2141.0,1.0303761E7,5151880.5,6913441.689523714,1.0040422E7,263339.0,0,0,0,0,0,0,0,0,0,80,24,0.29115582164609605,0.09705194054869867,0.0,0.0,0.0,0.0,0.0,0,0,0,1,0,0,0,0,0.0,0.0,0.0,0.0,80,0,0,0,0,0,0,3,0,1,0,65535,8190,0,20,0,0,0,0,0,0,0,0,BENIGN
219.142.78.162-10.42.0.42-80-52957-6,10.42.0.42,52957,219.142.78.162,80,6,11/08/2017 10:10:45,530863,3,3,701.0,317.0,701.0,0.0,233.66666666666666,404.72253870192765,317.0,0.0,105.66666666666667,183.02003533311137,1917.6322327982928,11.302351077396617,106172.6,135327.79224830354,254438.0,4670.0,271755.0,135877.5,177915.84432112842,261683.0,10072.0,276497.0,138248.5,188908.52634145448,271827.0,4670.0,0,0,0,0,80,72,5.6511755386983085,5.6511755386983085,0.0,701.0,145.42857142857142,271.9815294849126,73973.95238095238,0,0,0,1,0,0,0,0,1.0,169.66666666666666,233.66666666666666,105.66666666666667,80,0,0,0,0,0,0,3,701,3,317,65535,126,1,20,0,0,0,0,0,0,0,0,BENIGN
222.73.28.96-10.42.0.42-80-41661-6,10.42.0.42,41661,222.73.28.96,80,6,11/08/2017 10:10:46,688882,3,8,458.0,7871.0,458.0,0.0,152.66666666666666,264.4264232888486,1460.0,0.0,983.875,680.3319436653173,12090.604777015513,15.967901614500017,68888.2,140687.27157841175,336903.0,3.0,350763.0,175381.5,239613.73940677944,344814.0,5949.0,354296.0,50613.71428571428,133375.31064845333,353080.0,3.0,0,0,0,0,80,172,4.354882258500004,11.613019356000011,0.0,1460.0,694.0833333333333,701.4779797403522,492071.356060606,0,0,0,1,0,0,0,0,2.0,757.1818181818181,152.66666666666666,983.875,80,0,0,0,0,0,0,3,458,8,7871,65535,62,1,20,0,0,0,0,0,0,0,0,BENIGN
222.73.28.96-10.42.0.42-80-41661-6,10.42.0.42,41661,222.73.28.96,80,6,11/08/2017 10:10:46,1931,6,0,0.0,0.0,0.0,0.0,0.0,0.0,0,0,0,0,0.0,3107.1983428275507,386.2,718.3545085819397,1665.0,7.0,1931.0,386.2,718.3545085819397,1665.0,7.0,0,0,0,0,0,0,0,0,0,120,0,3107.1983428275507,0.0,0.0,0.0,0.0,0.0,0.0,0,0,0,0,1,0,0,0,0.0,0.0,0.0,0.0,120,0,0,0,0,0,0,6,0,0,0,1415,-1,0,20,0,0,0,0,0,0,0,0,BENIGN
180.149.138.210-10.42.0.42-80-34778-6,10.42.0.42,34778,180.149.138.210,80,6,11/08/2017 10:10:46,522146,3,3,706.0,1243.0,706.0,0.0,235.33333333333334,407.6092900478758,1243.0,0.0,414.3333333333333,717.6463846027048,3732.6724709180958,11.491038904827386,104429.2,136066.44223944418,253451.0,641.0,258549.0,129274.5,181915.24027551952,257908.0,641.0,268724.0,134362.0,175667.95186373638,258578.0,10146.0,0,0,0,0,80,72,5.745519452413693,5.745519452413693,0.0,1243.0,278.42857142857144,500.13793335534183,250137.95238095234,0,0,0,1,0,0,0,0,1.0,324.8333333333333,235.33333333333334,414.3333333333333,80,0,0,0,0,0,0,3,706,3,1243,65535,126,1,20,0,0,0,0,0,0,0,0,BENIGN
180.149.138.210-10.42.0.42-80-34778-6,10.42.0.42,34778,180.149.138.210,80,6,11/08/2017 10:10:46,9996,2,0,0.0,0.0,0.0,0.0,0.0,0.0,0,0,0,0,0.0,200.08003201280513,9996.0,0.0,9996.0,9996.0,9996.0,9996.0,0.0,9996.0,9996.0,0,0,0,0,0,0,0,0,0,40,0,200.08003201280513,0.0,0.0,0.0,0.0,0.0,0.0,0,0,0,0,1,0,0,0,0.0,0.0,0.0,0.0,40,0,0,0,0,0,0,2,0,0,0,1415,-1,0,20,0,0,0,0,0,0,0,0,BENIGN
219.142.78.162-10.42.0.42-80-52960-6,10.42.0.42,52960,219.142.78.162,80,6,11/08/2017 10:10:46,1095825,3,3,701.0,317.0,701.0,0.0,233.66666666666666,404.72253870192765,317.0,0.0,105.66666666666667,183.02003533311137,928.980448520521,5.475326808568886,219165.0,237619.88115265104,578257.0,1844.0,835367.0,417683.5,227085.22145771616,578257.0,257110.0,840559.0,420279.5,590622.959801344,837913.0,2646.0,0,0,0,0,80,72,2.737663404284443,2.737663404284443,0.0,701.0,145.42857142857142,271.9815294849126,73973.95238095238,0,0,0,1,0,0,0,0,1.0,169.66666666666666,233.66666666666666,105.66666666666667,80,0,0,0,0,0,0,3,701,3,317,65535,126,1,20,0,0,0,0,0,0,0,0,BENIGN
10.42.0.42-108.168.180.119-50156-443-6,10.42.0.42,50156,108.168.180.119,443,6,11/08/2017 10:08:46,112884285,21,20,523.0,597.0,240.0,0.0,24.9047619047619,54.51596533301483,193.0,0.0,29.850000000000005,46.22060943823767,9.92166447260573,0.3632037887293169,2822107.125,1.261957549485864E7,7.5791453E7,33.0,1.12811653E8,5640582.649999999,1.762488935875019E7,7.5841434E7,68.0,1.12841791E8,5939041.631578947,1.8049609250356708E7,7.5796376E7,33.0,0,0,0,0,680,648,0.18603120886135743,0.17717257986795948,0.0,240.0,26.66666666666667,49.63509117975673,2463.642276422764,0,0,0,1,0,0,0,0,0.0,27.317073170731707,24.904761904761905,29.85,680,0,0,0,0,0,0,21,523,20,597,65535,514,12,32,226908.5,136103.2061360055,323148.0,130669.0,5.15512925E7,3.428076373320059E7,7.5791453E7,2.7311132E7,BENIGN
10.42.0.42-104.192.110.245-60591-443-6,10.42.0.42,60591,104.192.110.245,443,6,11/08/2017 10:10:47,224511,7,6,333.0,4980.0,207.0,0.0,47.57142857142857,84.54162119504046,1460.0,0.0,830.0,724.0718196422231,23664.764755401742,57.9036216488279,18709.25,35684.60763187552,94574.0,4.0,224511.0,37418.5,49411.551947899796,104582.0,301.0,102764.0,20552.800000000003,42955.9333119419,97288.0,4.0,0,0,0,0,160,124,31.178873195522716,26.724748453305185,0.0,1460.0,379.50000000000006,607.4689925610005,369018.57692307694,0,0,0,1,0,0,0,0,0.0,408.6923076923077,47.57142857142857,830.0,160,0,0,0,0,0,0,7,333,6,4980,65535,15544,2,20,0,0,0,0,0,0,0,0,BENIGN
10.42.0.42-104.192.110.245-60591-443-6,104.192.110.245,443,10.42.0.42,60591,6,11/08/2017 10:10:47,15104,3,2,327.0,0.0,258.0,0.0,109.0,133.57020625873122,0.0,0.0,0.0,0.0,21649.89406779661,331.0381355932204,3776.0,5066.979442100261,11171.0,32.0,15104.0,7552.0,10634.885989045675,15072.0,32.0,1041.0,1041.0,0.0,1041.0,1041.0,1,0,0,0,60,40,198.6228813559322,132.41525423728814,0.0,258.0,97.5,127.1624944706575,16170.3,0,1,0,0,1,0,0,0,0.0,117.0,109.0,0.0,60,0,0,0,0,0,0,3,327,2,0,15544,0,1,20,0,0,0,0,0,0,0,0,BENIGN
180.149.136.247-10.42.0.42-80-44203-6,10.42.0.42,44203,180.149.136.247,80,6,11/08/2017 10:10:47,549164,3,3,632.0,486.0,632.0,0.0,210.66666666666666,364.88537012784343,486.0,0.0,162.0,280.59223082615813,2035.8217217443241,10.925697970005318,109832.8,146615.05635404572,271677.0,2426.0,277538.0,138769.0,191945.5499666507,274495.0,3043.0,277487.0,138743.5,192782.05728879437,275061.0,2426.0,0,0,0,0,80,72,5.462848985002659,5.462848985002659,0.0,632.0,159.71428571428572,276.001035194746,76176.57142857143,0,0,0,1,0,0,0,0,1.0,186.33333333333334,210.66666666666666,162.0,80,0,0,0,0,0,0,3,632,3,486,65535,124,1,20,0,0,0,0,0,0,0,0,BENIGN
180.149.136.247-10.42.0.42-80-44205-6,10.42.0.42,44205,180.149.136.247,80,6,11/08/2017 10:10:47,546593,3,3,601.0,486.0,601.0,0.0,200.33333333333334,346.9875117829651,486.0,0.0,162.0,280.59223082615813,1988.6826212556691,10.977088985771863,109318.6,145252.73284107257,268533.0,50.0,275959.0,137979.5,195061.76955133982,275909.0,50.0,278060.0,139030.0,193294.70970515464,275710.0,2350.0,0,0,0,0,80,72,5.488544492885931,5.488544492885931,0.0,601.0,155.28571428571428,267.27059589219954,71433.57142857142,0,0,0,1,0,0,0,0,1.0,181.16666666666666,200.33333333333334,162.0,80,0,0,0,0,0,0,3,601,3,486,65535,124,1,20,0,0,0,0,0,0,0,0,BENIGN
10.42.0.42-47.93.77.222-44294-80-6,10.42.0.42,44294,47.93.77.222,80,6,11/08/2017 10:10:38,10438988,3,1,0.0,0.0,0.0,0.0,0.0,0.0,0.0,0.0,0.0,0.0,0.0,0.3831789058479615,3479662.6666666665,5813589.05065385,1.0191151E7,2424.0,1.0438988E7,5219494.0,7030984.756867135,1.0191151E7,247837.0,0,0,0,0,0,0,0,0,0,104,40,0.2873841793859711,0.09579472646199037,0.0,0.0,0.0,0.0,0.0,0,0,0,1,0,0,0,0,0.0,0.0,0.0,0.0,104,0,0,0,0,0,0,3,0,1,0,65535,28960,0,32,0,0,0,0,0,0,0,0,BENIGN
172.217.10.106-10.42.0.42-443-50923-6,10.42.0.42,50923,172.217.10.106,443,6,11/08/2017 10:08:29,337047,10,10,1551.0,4588.0,1199.0,0.0,155.10000000000002,374.7581294055614,1418.0,0.0,458.8,577.621136886262,18214.07696849401,59.338905256536925,17739.315789473683,24309.472184618422,77052.0,10.0,337047.0,37449.666666666664,49837.58247296913,158586.0,73.0,280535.0,31170.555555555555,38436.3384088258,89521.0,10.0,0,0,0,0,328,328,29.669452628268463,29.669452628268463,0.0,1418.0,292.3333333333333,490.8008082036269,240885.43333333335,0,0,0,1,0,0,0,0,1.0,306.95,155.1,458.8,328,0,0,0,0,0,0,10,1551,10,4588,65535,181,3,32,0,0,0,0,0,0,0,0,BENIGN
180.149.153.234-10.42.0.42-80-34696-6,10.42.0.42,34696,180.149.153.234,80,6,11/08/2017 10:10:48,514793,3,4,700.0,1003.0,700.0,0.0,233.33333333333334,404.14518843273805,1003.0,0.0,250.75,501.5,3308.1257903662254,13.597698492403744,85798.83333333333,129226.37952742724,252951.0,31.0,259038.0,129519.0,177578.55438650242,255086.0,3952.0,261842.0,87280.66666666666,148182.6798932093,258376.0,31.0,0,0,0,0,80,92,5.8275850681730335,7.770113424230711,0.0,1003.0,212.875,402.40045352857146,161926.125,0,0,0,1,0,0,0,0,1.0,243.28571428571428,233.33333333333334,250.75,80,0,0,0,0,0,0,3,700,4,1003,65535,125,1,20,0,0,0,0,0,0,0,0,BENIGN
180.149.153.234-10.42.0.42-80-34696-6,10.42.0.42,34696,180.149.153.234,80,6,11/08/2017 10:10:48,3805,2,0,0.0,0.0,0.0,0.0,0.0,0.0,0,0,0,0,0.0,525.6241787122208,3805.0,0.0,3805.0,3805.0,3805.0,3805.0,0.0,3805.0,3805.0,0,0,0,0,0,0,0,0,0,40,0,525.6241787122208,0.0,0.0,0.0,0.0,0.0,0.0,0,0,0,0,1,0,0,0,0.0,0.0,0.0,0.0,40,0,0,0,0,0,0,2,0,0,0,1401,-1,0,20,0,0,0,0,0,0,0,0,BENIGN
172.217.10.78-10.42.0.42-443-48561-6,10.42.0.42,48561,172.217.10.78,443,6,11/08/2017 10:08:41,297906,8,8,839.0,894.0,591.0,0.0,104.875,208.7941142438099,404.0,0.0,111.75,164.28785712888217,5817.271219780736,53.70821668580022,19860.4,23940.840481725547,75780.0,22.0,297906.0,42558.0,34103.35140422419,93413.0,224.0,217869.0,31124.14285714286,31400.53637242827,78838.0,22.0,0,0,0,0,264,264,26.85410834290011,26.85410834290011,0.0,591.0,101.94117647058823,177.71623117635994,31583.058823529405,0,0,0,1,0,0,0,0,1.0,108.3125,104.875,111.75,264,0,0,0,0,0,0,8,839,8,894,65535,175,3,32,0,0,0,0,0,0,0,0,BENIGN
172.217.10.78-10.42.0.42-443-48561-6,10.42.0.42,48561,172.217.10.78,443,6,11/08/2017 10:10:49,420,2,0,23.0,0.0,23.0,0.0,11.5,16.263455967290593,0,0,0,0,54761.904761904756,4761.9047619047615,420.0,0.0,420.0,420.0,420.0,420.0,0.0,420.0,420.0,0,0,0,0,0,1,0,0,0,64,0,4761.9047619047615,0.0,0.0,23.0,15.333333333333332,13.279056191361393,176.33333333333334,0,1,0,0,1,0,0,0,0.0,23.0,11.5,0.0,64,0,0,0,0,0,0,2,23,0,0,1419,-1,0,32,0,0,0,0,0,0,0,0,BENIGN
172.217.10.78-10.42.0.42-443-48561-6,172.217.10.78,443,10.42.0.42,48561,6,11/08/2017 10:10:49,27,2,0,0.0,0.0,0.0,0.0,0.0,0.0,0,0,0,0,0.0,74074.07407407407,27.0,0.0,27.0,27.0,27.0,27.0,0.0,27.0,27.0,0,0,0,0,0,0,0,0,0,64,0,74074.07407407407,0.0,0.0,0.0,0.0,0.0,0.0,0,0,0,0,1,0,0,0,0.0,0.0,0.0,0.0,64,0,0,0,0,0,0,2,0,0,0,175,-1,0,32,0,0,0,0,0,0,0,0,BENIGN
10.42.0.42-36.110.213.174-36029-443-6,10.42.0.42,36029,36.110.213.174,443,6,11/08/2017 10:10:48,1040718,8,8,744.0,5199.0,416.0,0.0,93.0,151.44258695247234,1460.0,0.0,649.875,685.3823620015744,5710.480648936599,15.37400141056463,69381.2,107440.72367203895,241360.0,30.0,799791.0,114255.85714285716,132416.16007802644,275330.0,206.0,799960.0,114280.0,141843.48852638013,282600.0,30.0,0,0,0,0,180,172,7.687000705282315,7.687000705282315,0.0,1460.0,349.58823529411757,548.8098553715495,301192.2573529411,0,0,0,1,0,0,0,0,1.0,371.4375,93.0,649.875,180,0,0,0,0,0,0,8,744,8,5199,65535,131,3,20,0,0,0,0,0,0,0,0,BENIGN
10.42.0.42-36.110.213.174-36029-443-6,10.42.0.42,36029,36.110.213.174,443,6,11/08/2017 10:10:49,8175,2,0,0.0,0.0,0.0,0.0,0.0,0.0,0,0,0,0,0.0,244.64831804281346,8175.0,0.0,8175.0,8175.0,8175.0,8175.0,0.0,8175.0,8175.0,0,0,0,0,0,0,0,0,0,40,0,244.64831804281346,0.0,0.0,0.0,0.0,0.0,0.0,0,0,0,0,1,0,0,0,0.0,0.0,0.0,0.0,40,0,0,0,0,0,0,2,0,0,0,1597,-1,0,20,0,0,0,0,0,0,0,0,BENIGN
180.149.135.239-10.42.0.42-80-45440-6,10.42.0.42,45440,180.149.135.239,80,6,11/08/2017 10:10:38,10516128,4,2,0.0,0.0,0.0,0.0,0.0,0.0,0.0,0.0,0.0,0.0,0.0,0.570552203244388,2103225.6,3768835.5608049287,8752543.0,2364.0,1.0516128E7,3505376.0,4586976.731538215,8752543.0,256665.0,1506553.0,1506553.0,0.0,1506553.0,1506553.0,0,0,0,0,112,64,0.3803681354962587,0.19018406774812935,0.0,0.0,0.0,0.0,0.0,0,0,0,1,0,0,0,0,0.0,0.0,0.0,0.0,112,0,0,0,0,0,0,4,0,2,0,65535,14600,0,20,0,0,0,0,0,0,0,0,BENIGN
10.42.0.42-125.39.83.108-53563-443-6,10.42.0.42,53563,125.39.83.108,443,6,11/08/2017 10:10:38,10465198,3,1,0.0,0.0,0.0,0.0,0.0,0.0,0.0,0.0,0.0,0.0,0.0,0.3822192375146653,3488399.3333333335,5773997.127616565,1.0153276E7,2315.0,1.0465198E7,5232599.0,6958888.149457354,1.0153276E7,311922.0,0,0,0,0,0,0,0,0,0,80,32,0.28666442813599896,0.09555480937866632,0.0,0.0,0.0,0.0,0.0,0,0,0,1,0,0,0,0,0.0,0.0,0.0,0.0,80,0,0,0,0,0,0,3,0,1,0,65535,14400,0,20,0,0,0,0,0,0,0,0,BENIGN
203.90.242.126-10.42.0.42-80-49004-6,10.42.0.42,49004,203.90.242.126,80,6,11/08/2017 10:10:39,10293430,3,1,0.0,0.0,0.0,0.0,0.0,0.0,0.0,0.0,0.0,0.0,0.0,0.3885973868768719,3431143.3333333335,5730678.508887611,1.0046953E7,5031.0,1.029343E7,5146715.0,6929983.038456011,1.0046953E7,246477.0,0,0,0,0,0,0,0,0,0,104,40,0.29144804015765396,0.09714934671921797,0.0,0.0,0.0,0.0,0.0,0,0,0,1,0,0,0,0,0.0,0.0,0.0,0.0,104,0,0,0,0,0,0,3,0,1,0,65535,28960,0,32,0,0,0,0,0,0,0,0,BENIGN
174.35.73.84-10.42.0.42-80-58947-6,10.42.0.42,58947,174.35.73.84,80,6,11/08/2017 10:10:34,15649997,133,204,4545.0,254328.0,591.0,0.0,34.17293233082707,122.17625812599447,1448.0,0.0,1246.7058823529414,449.89951999675014,16541.40892167583,21.53355045371574,46577.37202380952,426329.8869612118,5944046.0,3.0,9705951.0,73529.93181818184,442044.8415460111,4679923.0,5.0,1.5626983E7,76980.2118226601,553592.2341883894,6017251.0,3.0,0,0,0,0,4736,6536,8.498404184997607,13.035146268718133,0.0,1448.0,765.8964497041419,693.3707529993998,480763.00111495465,0,0,0,1,0,0,0,0,1.0,768.1691394658753,34.17293233082707,1246.7058823529412,4736,0,0,0,0,0,0,133,4545,204,254328,65535,672,10,32,0,0,0,0,0,0,0,0,BENIGN
174.35.73.149-10.42.0.42-80-56168-6,10.42.0.42,56168,174.35.73.149,80,6,11/08/2017 10:10:39,10049247,3,1,0.0,0.0,0.0,0.0,0.0,0.0,0.0,0.0,0.0,0.0,0.0,0.39803977352731007,3349749.0,5780881.5835892195,1.0024924E7,1165.0,1.0049247E7,5024623.5,7071492.783040969,1.0024924E7,24323.0,0,0,0,0,0,0,0,0,0,104,40,0.29852983014548257,0.09950994338182752,0.0,0.0,0.0,0.0,0.0,0,0,0,1,0,0,0,0,0.0,0.0,0.0,0.0,104,0,0,0,0,0,0,3,0,1,0,65535,65535,0,32,0,0,0,0,0,0,0,0,BENIGN
174.35.73.84-10.42.0.42-80-58947-6,10.42.0.42,58947,174.35.73.84,80,6,11/08/2017 10:10:49,58239,2,0,0.0,0.0,0.0,0.0,0.0,0.0,0,0,0,0,0.0,34.34124899122581,58239.0,0.0,58239.0,58239.0,58239.0,58239.0,0.0,58239.0,58239.0,0,0,0,0,0,0,0,0,0,64,0,34.34124899122581,0.0,0.0,0.0,0.0,0.0,0.0,0,0,0,0,1,0,0,0,0.0,0.0,0.0,0.0,64,0,0,0,0,0,0,2,0,0,0,7857,-1,0,32,0,0,0,0,0,0,0,0,BENIGN
174.35.73.149-10.42.0.42-80-56168-6,174.35.73.149,80,10.42.0.42,56168,6,11/08/2017 10:10:49,38,2,0,0.0,0.0,0.0,0.0,0.0,0.0,0,0,0,0,0.0,52631.57894736842,38.0,0.0,38.0,38.0,38.0,38.0,0.0,38.0,38.0,0,0,0,0,0,0,0,0,0,64,0,52631.57894736842,0.0,0.0,0.0,0.0,0.0,0.0,0,0,0,0,1,0,0,0,0.0,0.0,0.0,0.0,64,0,0,0,0,0,0,2,0,0,0,679,-1,0,32,0,0,0,0,0,0,0,0,BENIGN
174.35.73.149-10.42.0.42-80-56141-6,10.42.0.42,56141,174.35.73.149,80,6,11/08/2017 10:10:38,11640298,13,15,1501.0,7204.0,579.0,0.0,115.46153846153844,221.17248750866196,1448.0,0.0,480.26666666666665,548.854321898504,747.8330881219708,2.4054366993009975,431122.14814814815,1510107.1417280221,6067656.0,6.0,5572642.0,464386.8333333333,1504992.7919342236,5241873.0,6.0,1.1616956E7,829782.5714285714,2070628.077919641,6125397.0,6.0,0,0,0,0,460,488,1.1168098961040345,1.2886268031969628,0.0,1448.0,300.17241379310343,456.0909267871231,208018.93349753693,0,0,0,1,0,0,0,0,1.0,310.89285714285717,115.46153846153847,480.26666666666665,460,0,0,0,0,0,0,13,1501,15,7204,65535,672,3,32,151923.0,0.0,151923.0,151923.0,5241873.0,0.0,5241873.0,5241873.0,BENIGN
174.35.73.149-10.42.0.42-80-56141-6,10.42.0.42,56141,174.35.73.149,80,6,11/08/2017 10:10:49,14351,2,0,0.0,0.0,0.0,0.0,0.0,0.0,0,0,0,0,0.0,139.36311058462826,14351.0,0.0,14351.0,14351.0,14351.0,14351.0,0.0,14351.0,14351.0,0,0,0,0,0,0,0,0,0,64,0,139.36311058462826,0.0,0.0,0.0,0.0,0.0,0.0,0,0,0,0,1,0,0,0,0.0,0.0,0.0,0.0,64,0,0,0,0,0,0,2,0,0,0,1551,-1,0,32,0,0,0,0,0,0,0,0,BENIGN
10.42.0.42-119.146.74.34-37276-80-6,10.42.0.42,37276,119.146.74.34,80,6,11/08/2017 10:10:41,9125909,4,5,1149.0,1309.0,1149.0,0.0,287.25,574.5,1309.0,0.0,261.8,585.402596509445,269.34303202015275,0.9862031278199246,1140738.625,2965060.868117258,8474149.0,8.0,8885463.0,2961821.0,4773961.386908884,8474149.0,168410.0,8886432.0,2221608.0,4334699.22599604,8722644.0,8.0,0,0,0,0,112,124,0.4383125012532998,0.5478906265666248,0.0,1309.0,245.79999999999998,519.5623799570815,269945.06666666665,0,0,0,1,0,0,0,0,1.0,273.1111111111111,287.25,261.8,112,0,0,0,0,0,0,4,1149,5,1309,65535,4524,1,20,411314.0,0.0,411314.0,411314.0,8474149.0,0.0,8474149.0,8474149.0,BENIGN
10.42.0.42-119.146.74.34-37276-80-6,10.42.0.42,37276,119.146.74.34,80,6,11/08/2017 10:10:50,8575,2,0,0.0,0.0,0.0,0.0,0.0,0.0,0,0,0,0,0.0,233.23615160349857,8575.0,0.0,8575.0,8575.0,8575.0,8575.0,0.0,8575.0,8575.0,0,0,0,0,0,0,0,0,0,40,0,233.23615160349857,0.0,0.0,0.0,0.0,0.0,0.0,0,0,0,0,1,0,0,0,0.0,0.0,0.0,0.0,40,0,0,0,0,0,0,2,0,0,0,1415,-1,0,20,0,0,0,0,0,0,0,0,BENIGN
10.42.0.42-64.71.142.96-44890-443-6,10.42.0.42,44890,64.71.142.96,443,6,11/08/2017 10:10:50,215803,7,5,327.0,3059.0,201.0,0.0,46.714285714285715,82.66541857736782,1460.0,0.0,611.8,776.3737502002499,15690.236002279857,55.60627053377386,19618.454545454544,27591.80270429475,72132.0,5.0,215803.0,35967.166666666664,39109.74598954417,95069.0,5.0,86369.0,21592.25,42162.80554687191,84831.0,13.0,0,0,0,0,160,112,32.436991144701416,23.169279389072443,0.0,1460.0,260.46153846153845,536.7242643084397,288072.9358974359,0,0,0,1,0,0,0,0,0.0,282.1666666666667,46.714285714285715,611.8,160,0,0,0,0,0,0,7,327,5,3059,65535,31,2,20,0,0,0,0,0,0,0,0,BENIGN
10.42.0.42-47.93.77.222-58133-443-6,10.42.0.42,58133,47.93.77.222,443,6,11/08/2017 10:10:40,10277111,3,1,0.0,0.0,0.0,0.0,0.0,0.0,0.0,0.0,0.0,0.0,0.0,0.38921443973895,3425703.6666666665,5714229.637666422,1.0022529E7,9639.0,1.0277111E7,5138555.5,6906981.561970794,1.0022529E7,254582.0,0,0,0,0,0,0,0,0,0,104,40,0.2919108298042125,0.0973036099347375,0.0,0.0,0.0,0.0,0.0,0,0,0,1,0,0,0,0,0.0,0.0,0.0,0.0,104,0,0,0,0,0,0,3,0,1,0,65535,28960,0,32,0,0,0,0,0,0,0,0,BENIGN
10.42.0.42-64.71.142.96-44890-443-6,64.71.142.96,443,10.42.0.42,44890,6,11/08/2017 10:10:50,27925,2,1,273.0,0.0,242.0,31.0,136.5,149.19953083036154,0.0,0.0,0.0,0.0,9776.186213070725,107.43061772605193,13962.5,16590.846406979963,25694.0,2231.0,27925.0,27925.0,0.0,27925.0,27925.0,0,0,0,0,0,1,0,0,0,40,20,71.62041181736795,35.810205908683976,0.0,242.0,128.75,131.38080783229591,17260.916666666668,0,1,0,0,1,0,0,0,0.0,171.66666666666666,136.5,0.0,40,0,0,0,0,0,0,2,273,1,0,31,0,1,20,0,0,0,0,0,0,0,0,BENIGN
10.42.0.42-36.110.210.167-33836-80-6,10.42.0.42,33836,36.110.210.167,80,6,11/08/2017 10:10:50,506584,3,4,508.0,445.0,508.0,0.0,169.33333333333334,293.2939367483299,445.0,0.0,111.25,222.50000000000003,1881.2279898299196,13.818043996652085,84430.66666666667,124504.11783498034,245076.0,30.0,260732.0,130366.0,166696.18102404146,248238.0,12494.0,261536.0,87178.66666666666,150326.27057614826,260760.0,30.0,0,0,0,0,80,92,5.922018855708036,7.896025140944048,0.0,508.0,119.125,221.21833913902475,48937.55357142857,0,0,0,1,0,0,0,0,1.0,136.14285714285714,169.33333333333334,111.25,80,0,0,0,0,0,0,3,508,4,445,65535,123,1,20,0,0,0,0,0,0,0,0,BENIGN
10.42.0.42-36.110.210.167-33836-80-6,10.42.0.42,33836,36.110.210.167,80,6,11/08/2017 10:10:51,19513,2,0,0.0,0.0,0.0,0.0,0.0,0.0,0,0,0,0,0.0,102.49577204940297,19513.0,0.0,19513.0,19513.0,19513.0,19513.0,0.0,19513.0,19513.0,0,0,0,0,0,0,0,0,0,40,0,102.49577204940297,0.0,0.0,0.0,0.0,0.0,0.0,0,0,0,0,1,0,0,0,0.0,0.0,0.0,0.0,40,0,0,0,0,0,0,2,0,0,0,1386,-1,0,20,0,0,0,0,0,0,0,0,BENIGN
140.205.250.8-10.42.0.42-443-35903-6,10.42.0.42,35903,140.205.250.8,443,6,11/08/2017 10:10:41,10297697,3,1,0.0,0.0,0.0,0.0,0.0,0.0,0.0,0.0,0.0,0.0,0.0,0.3884363659175445,3432565.6666666665,5705910.6427851925,1.0019409E7,6715.0,1.0297697E7,5148848.5,6888012.715458683,1.0019409E7,278288.0,0,0,0,0,0,0,0,0,0,80,40,0.29132727443815837,0.09710909147938612,0.0,0.0,0.0,0.0,0.0,0,0,0,1,0,0,0,0,0.0,0.0,0.0,0.0,80,0,0,0,0,0,0,3,0,1,0,65535,12960,0,20,0,0,0,0,0,0,0,0,BENIGN
180.149.153.234-10.42.0.42-80-34697-6,10.42.0.42,34697,180.149.153.234,80,6,11/08/2017 10:10:48,3130430,3,4,728.0,222.0,728.0,0.0,242.66666666666666,420.31099597004754,222.0,0.0,55.5,111.0,303.47268586104786,2.2361145273971945,521738.3333333334,1035387.7014947912,2620364.0,68.0,2874586.0,1437293.0,1673115.0534503,2620364.0,254222.0,2878409.0,959469.6666666667,1658624.3716279864,2874683.0,68.0,0,0,0,0,80,92,0.9583347974559405,1.277779729941254,0.0,728.0,118.75,258.1404656383807,66636.50000000001,0,0,0,1,0,0,0,0,1.0,135.71428571428572,242.66666666666666,55.5,80,0,0,0,0,0,0,3,728,4,222,65535,126,1,20,0,0,0,0,0,0,0,0,BENIGN
180.76.147.97-10.42.0.42-80-57851-6,10.42.0.42,57851,180.76.147.97,80,6,11/08/2017 10:10:51,535088,3,4,667.0,614.0,667.0,0.0,222.33333333333334,385.0926295494804,614.0,0.0,153.5,307.0,2393.9987441318062,13.081960350447028,89181.33333333334,127525.17506071758,253621.0,30.0,281217.0,140608.5,164468.08755652266,256905.0,24312.0,281899.0,93966.33333333334,162537.9849460837,281649.0,30.0,0,0,0,0,104,136,5.60655443590587,7.4754059145411595,0.0,667.0,160.125,296.83205328458524,88109.26785714286,0,0,0,1,0,0,0,0,1.0,183.0,222.33333333333334,153.5,104,0,0,0,0,0,0,3,667,4,614,65535,400,1,32,0,0,0,0,0,0,0,0,BENIGN
180.149.153.234-10.42.0.42-80-34697-6,10.42.0.42,34697,180.149.153.234,80,6,11/08/2017 10:10:51,12170,2,0,0.0,0.0,0.0,0.0,0.0,0.0,0,0,0,0,0.0,164.33853738701725,12170.0,0.0,12170.0,12170.0,12170.0,12170.0,0.0,12170.0,12170.0,0,0,0,0,0,0,0,0,0,40,0,164.33853738701725,0.0,0.0,0.0,0.0,0.0,0.0,0,0,0,0,1,0,0,0,0.0,0.0,0.0,0.0,40,0,0,0,0,0,0,2,0,0,0,1386,-1,0,20,0,0,0,0,0,0,0,0,BENIGN
180.76.147.97-10.42.0.42-80-57851-6,10.42.0.42,57851,180.76.147.97,80,6,11/08/2017 10:10:51,24803,2,0,0.0,0.0,0.0,0.0,0.0,0.0,0,0,0,0,0.0,80.63540700721687,24803.0,0.0,24803.0,24803.0,24803.0,24803.0,0.0,24803.0,24803.0,0,0,0,0,0,0,0,0,0,64,0,80.63540700721687,0.0,0.0,0.0,0.0,0.0,0.0,0,0,0,0,1,0,0,0,0.0,0.0,0.0,0.0,64,0,0,0,0,0,0,2,0,0,0,1388,-1,0,32,0,0,0,0,0,0,0,0,BENIGN
10.42.0.42-116.55.241.183-43575-80-6,10.42.0.42,43575,116.55.241.183,80,6,11/08/2017 10:10:41,10327657,3,1,0.0,0.0,0.0,0.0,0.0,0.0,0.0,0.0,0.0,0.0,0.0,0.3873095320652109,3442552.3333333335,5705556.669164223,1.0028634E7,4518.0,1.0327657E7,5163828.5,6879873.916407226,1.0028634E7,299023.0,0,0,0,0,0,0,0,0,0,80,32,0.2904821490489082,0.09682738301630273,0.0,0.0,0.0,0.0,0.0,0,0,0,1,0,0,0,0,0.0,0.0,0.0,0.0,80,0,0,0,0,0,0,3,0,1,0,65535,14600,0,20,0,0,0,0,0,0,0,0,BENIGN
174.35.73.84-10.42.0.42-80-59108-6,10.42.0.42,59108,174.35.73.84,80,6,11/08/2017 10:10:45,6518705,10,10,586.0,7630.0,586.0,0.0,58.6,185.30947088586706,1448.0,0.0,763.0,684.2390745281294,1260.3730342146177,3.068094046286801,343089.7368421052,1412259.32427672,6173671.0,5.0,345034.0,38337.11111111111,53733.01729254659,167158.0,5.0,6495362.0,721706.8888888889,2063698.7012253897,6222245.0,11.0,0,0,0,0,352,328,1.5340470231434005,1.5340470231434005,0.0,1448.0,391.2380952380953,598.5115625250614,358216.0904761905,0,0,0,1,0,0,0,0,1.0,410.8,58.6,763.0,352,0,0,0,0,0,0,10,586,10,7630,65535,675,1,32,0,0,0,0,0,0,0,0,BENIGN
10.42.0.42-119.146.74.34-37424-80-6,10.42.0.42,37424,119.146.74.34,80,6,11/08/2017 10:10:51,593287,4,8,1134.0,5360.0,1134.0,0.0,283.5,567.0,1340.0,0.0,670.0,716.2601283252974,10945.798576405685,20.226298570506348,53935.18181818182,106334.31211120725,340553.0,4.0,446495.0,148831.66666666666,176806.13672984694,345543.0,3159.0,252734.0,36104.857142857145,62146.8254470239,149229.0,4.0,0,0,0,0,112,184,6.742099523502116,13.484199047004232,0.0,1340.0,499.5384615384616,659.8202552443879,435362.76923076925,0,0,0,1,0,0,0,0,2.0,541.1666666666666,283.5,670.0,112,0,0,0,0,0,0,4,1134,8,5360,65535,4522,1,20,0,0,0,0,0,0,0,0,BENIGN
180.149.153.234-10.42.0.42-80-34748-6,10.42.0.42,34748,180.149.153.234,80,6,11/08/2017 10:10:51,513927,3,3,708.0,222.0,708.0,0.0,236.0,408.76399058625503,222.0,0.0,74.0,128.17175976009693,1809.5955262128666,11.674809846534624,102785.4,137977.24819440342,255205.0,19.0,258703.0,129351.5,180543.45312001763,257015.0,1688.0,261294.0,130647.0,184735.88922567267,261275.0,19.0,0,0,0,0,80,72,5.837404923267312,5.837404923267312,0.0,708.0,132.85714285714286,266.76795695349705,71165.14285714286,0,0,0,1,0,0,0,0,1.0,155.0,236.0,74.0,80,0,0,0,0,0,0,3,708,3,222,65535,126,1,20,0,0,0,0,0,0,0,0,BENIGN
180.149.153.234-10.42.0.42-80-34748-6,10.42.0.42,34748,180.149.153.234,80,6,11/08/2017 10:10:52,2749,2,0,0.0,0.0,0.0,0.0,0.0,0.0,0,0,0,0,0.0,727.5372862859222,2749.0,0.0,2749.0,2749.0,2749.0,2749.0,0.0,2749.0,2749.0,0,0,0,0,0,0,0,0,0,40,0,727.5372862859222,0.0,0.0,0.0,0.0,0.0,0.0,0,0,0,0,1,0,0,0,0.0,0.0,0.0,0.0,40,0,0,0,0,0,0,2,0,0,0,1386,-1,0,20,0,0,0,0,0,0,0,0,BENIGN
10.42.0.42-119.146.74.34-37424-80-6,119.146.74.34,80,10.42.0.42,37424,6,11/08/2017 10:10:52,272255,4,10,5242.0,0.0,1340.0,1281.0,1310.5,34.0636658821879,0.0,0.0,0.0,0.0,19254.008190850487,51.42237975427448,20942.69230769231,66376.19007267668,241060.0,6.0,262140.0,87380.0,151203.72089006274,261975.0,14.0,251994.0,27999.333333333336,81881.78311596542,246308.0,6.0,1,0,0,0,80,300,14.69210850122128,36.7302712530532,0.0,1340.0,434.86666666666673,636.8139296155362,405531.98095238104,0,1,0,0,1,0,0,0,2.0,465.92857142857144,1310.5,0.0,80,0,0,0,0,0,0,4,5242,10,0,4522,1506,3,20,0,0,0,0,0,0,0,0,BENIGN
10.42.0.42-36.110.210.167-33836-80-6,10.42.0.42,33836,36.110.210.167,80,6,11/08/2017 10:10:52,228983,1,1,0.0,0.0,0.0,0.0,0.0,0.0,0.0,0.0,0.0,0.0,0.0,8.73427284994956,228983.0,0.0,228983.0,228983.0,0,0,0,0,0,0,0,0,0,0,0,0,0,0,20,20,4.36713642497478,4.36713642497478,0.0,0.0,0.0,0.0,0.0,0,0,0,0,1,1,0,0,1.0,0.0,0.0,0.0,20,0,0,0,0,0,0,1,0,1,0,1386,123,0,20,0,0,0,0,0,0,0,0,BENIGN
180.149.153.234-10.42.0.42-80-34749-6,10.42.0.42,34749,180.149.153.234,80,6,11/08/2017 10:10:51,528406,3,4,728.0,222.0,728.0,0.0,242.66666666666666,420.31099597004754,222.0,0.0,55.5,111.0,1797.8599788798763,13.247389318062247,88067.66666666667,127129.9624316261,252081.0,276.0,272788.0,136394.0,172433.6454465891,258323.0,14465.0,276331.0,92110.33333333334,156483.76307570486,272794.0,276.0,0,0,0,0,80,92,5.67745256488382,7.5699367531784265,0.0,728.0,118.75,258.1404656383807,66636.50000000001,0,0,0,1,0,0,0,0,1.0,135.71428571428572,242.66666666666666,55.5,80,0,0,0,0,0,0,3,728,4,222,65535,126,1,20,0,0,0,0,0,0,0,0,BENIGN
180.149.153.234-10.42.0.42-80-34749-6,10.42.0.42,34749,180.149.153.234,80,6,11/08/2017 10:10:52,4906,2,0,0.0,0.0,0.0,0.0,0.0,0.0,0,0,0,0,0.0,407.6640847941297,4906.0,0.0,4906.0,4906.0,4906.0,4906.0,0.0,4906.0,4906.0,0,0,0,0,0,0,0,0,0,40,0,407.6640847941297,0.0,0.0,0.0,0.0,0.0,0.0,0,0,0,0,1,0,0,0,0.0,0.0,0.0,0.0,40,0,0,0,0,0,0,2,0,0,0,1386,-1,0,20,0,0,0,0,0,0,0,0,BENIGN
180.149.153.234-10.42.0.42-80-34750-6,10.42.0.42,34750,180.149.153.234,80,6,11/08/2017 10:10:51,511144,3,4,718.0,222.0,718.0,0.0,239.33333333333334,414.5374932781513,222.0,0.0,55.5,111.0,1839.012098351932,13.694770945173962,85190.66666666666,129217.12128609997,252016.0,32.0,255374.0,127687.0,179565.52444163663,254659.0,715.0,259159.0,86386.33333333334,146386.08638232437,255405.0,32.0,0,0,0,0,80,92,5.8691875479316975,7.825583397242264,0.0,718.0,117.5,254.77104567490736,64908.285714285725,0,0,0,1,0,0,0,0,1.0,134.28571428571428,239.33333333333334,55.5,80,0,0,0,0,0,0,3,718,4,222,65535,126,1,20,0,0,0,0,0,0,0,0,BENIGN
180.149.153.234-10.42.0.42-80-34750-6,10.42.0.42,34750,180.149.153.234,80,6,11/08/2017 10:10:52,1568,2,0,0.0,0.0,0.0,0.0,0.0,0.0,0,0,0,0,0.0,1275.5102040816328,1568.0,0.0,1568.0,1568.0,1568.0,1568.0,0.0,1568.0,1568.0,0,0,0,0,0,0,0,0,0,40,0,1275.5102040816328,0.0,0.0,0.0,0.0,0.0,0.0,0,0,0,0,1,0,0,0,0.0,0.0,0.0,0.0,40,0,0,0,0,0,0,2,0,0,0,1386,-1,0,20,0,0,0,0,0,0,0,0,BENIGN
10.42.0.42-119.146.74.34-37426-80-6,10.42.0.42,37426,119.146.74.34,80,6,11/08/2017 10:10:51,988795,5,6,1144.0,964.0,1144.0,0.0,228.8,511.6123532519519,964.0,0.0,160.66666666666669,393.551352007164,2131.887802830718,11.124651722551187,98879.5,119045.30737053201,304511.0,32.0,746844.0,186711.0,104767.28083391939,304511.0,84181.0,747795.0,149559.0,228198.51010797595,548017.0,32.0,0,0,0,0,144,156,5.056659873886903,6.067991848664283,0.0,1144.0,175.66666666666666,412.05986620069336,169793.3333333333,0,0,0,1,0,0,0,0,1.0,191.63636363636363,228.8,160.66666666666666,144,0,0,0,0,0,0,5,1144,6,964,65535,4523,1,20,0,0,0,0,0,0,0,0,BENIGN
10.42.0.42-119.146.74.34-37426-80-6,10.42.0.42,37426,119.146.74.34,80,6,11/08/2017 10:10:52,1837,2,0,0.0,0.0,0.0,0.0,0.0,0.0,0,0,0,0,0.0,1088.7316276537833,1837.0,0.0,1837.0,1837.0,1837.0,1837.0,0.0,1837.0,1837.0,0,0,0,0,0,0,0,0,0,40,0,1088.7316276537833,0.0,0.0,0.0,0.0,0.0,0.0,0,0,0,0,1,0,0,0,0.0,0.0,0.0,0.0,40,0,0,0,0,0,0,2,0,0,0,1399,-1,0,20,0,0,0,0,0,0,0,0,BENIGN
222.73.28.96-10.42.0.42-80-41750-6,10.42.0.42,41750,222.73.28.96,80,6,11/08/2017 10:10:52,704533,3,6,540.0,3452.0,540.0,0.0,180.0,311.7691453623979,1460.0,0.0,575.3333333333333,715.56597645966,5666.164679298202,12.774419367155264,88066.62500000001,161539.56356521236,353535.0,5.0,356934.0,178467.0,250782.49101562094,355797.0,1137.0,350998.0,70199.6,156078.01515043684,349398.0,5.0,0,0,0,0,80,132,4.258139789051755,8.51627957810351,0.0,1460.0,399.2,600.3903915139067,360468.62222222215,0,0,0,1,0,0,0,0,2.0,443.55555555555554,180.0,575.3333333333334,80,0,0,0,0,0,0,3,540,6,3452,65535,62,1,20,0,0,0,0,0,0,0,0,BENIGN
222.73.28.96-10.42.0.42-80-41750-6,10.42.0.42,41750,222.73.28.96,80,6,11/08/2017 10:10:52,3404,3,0,0.0,0.0,0.0,0.0,0.0,0.0,0,0,0,0,0.0,881.3160987074031,1702.0,2030.8106755677645,3138.0,266.0,3404.0,1702.0,2030.8106755677645,3138.0,266.0,0,0,0,0,0,0,0,0,0,60,0,881.3160987074031,0.0,0.0,0.0,0.0,0.0,0.0,0,0,0,0,1,0,0,0,0.0,0.0,0.0,0.0,60,0,0,0,0,0,0,3,0,0,0,1415,-1,0,20,0,0,0,0,0,0,0,0,BENIGN
171.84.4.11-10.42.0.42-80-47665-6,10.42.0.42,47665,171.84.4.11,80,6,11/08/2017 10:10:51,1536579,4,4,540.0,603.0,540.0,0.0,135.0,270.0,603.0,0.0,150.75,301.5,743.8602245637875,5.206370775599563,219511.2857142857,363111.92128723173,998376.0,33.0,538203.0,179401.0,137986.1293174064,259863.0,20071.0,1280757.0,426919.0,516974.6051674105,1001733.0,33.0,0,0,0,0,100,92,2.6031853877997815,2.6031853877997815,0.0,603.0,127.0,252.49950495000977,63756.0,0,0,0,1,0,0,0,0,1.0,142.875,135.0,150.75,100,0,0,0,0,0,0,4,540,4,603,65535,31,1,20,0,0,0,0,0,0,0,0,BENIGN
10.42.0.42-119.146.74.34-37441-80-6,10.42.0.42,37441,119.146.74.34,80,6,11/08/2017 10:10:52,471664,4,7,1136.0,3128.0,1136.0,0.0,284.0,568.0,1340.0,0.0,446.8571428571429,631.6822588853324,9040.333796940195,23.321686624376675,47166.40000000001,86963.48646823625,232051.0,11.0,429168.0,143056.0,122468.7735833098,234733.0,3970.0,239613.0,39935.50000000001,77120.03959477718,192961.0,11.0,0,0,0,0,112,164,8.480613317955154,14.841073306421519,0.0,1340.0,355.3333333333333,569.4701418197818,324296.24242424243,0,0,0,1,0,0,0,0,1.0,387.6363636363636,284.0,446.85714285714283,112,0,0,0,0,0,0,4,1136,7,3128,65535,4522,1,20,0,0,0,0,0,0,0,0,BENIGN
10.42.0.42-119.146.74.34-37441-80-6,10.42.0.42,37441,119.146.74.34,80,6,11/08/2017 10:10:52,2665,2,0,0.0,0.0,0.0,0.0,0.0,0.0,0,0,0,0,0.0,750.46904315197,2665.0,0.0,2665.0,2665.0,2665.0,2665.0,0.0,2665.0,2665.0,0,0,0,0,0,0,0,0,0,40,0,750.46904315197,0.0,0.0,0.0,0.0,0.0,0.0,0,0,0,0,1,0,0,0,0.0,0.0,0.0,0.0,40,0,0,0,0,0,0,2,0,0,0,1502,-1,0,20,0,0,0,0,0,0,0,0,BENIGN
171.84.4.11-10.42.0.42-80-47665-6,10.42.0.42,47665,171.84.4.11,80,6,11/08/2017 10:10:52,1728,2,0,0.0,0.0,0.0,0.0,0.0,0.0,0,0,0,0,0.0,1157.4074074074074,1728.0,0.0,1728.0,1728.0,1728.0,1728.0,0.0,1728.0,1728.0,0,0,0,0,0,0,0,0,0,40,0,1157.4074074074074,0.0,0.0,0.0,0.0,0.0,0.0,0,0,0,0,1,0,0,0,0.0,0.0,0.0,0.0,40,0,0,0,0,0,0,2,0,0,0,1388,-1,0,20,0,0,0,0,0,0,0,0,BENIGN
180.163.255.159-10.42.0.42-80-36484-6,10.42.0.42,36484,180.163.255.159,80,6,11/08/2017 10:10:42,10645651,3,1,0.0,0.0,0.0,0.0,0.0,0.0,0.0,0.0,0.0,0.0,0.0,0.37574029056560276,3548550.3333333335,5831667.192884153,1.0279221E7,4619.0,1.0645651E7,5322825.5,7009401.736584977,1.0279221E7,366430.0,0,0,0,0,0,0,0,0,0,80,32,0.2818052179242021,0.09393507264140069,0.0,0.0,0.0,0.0,0.0,0,0,0,1,0,0,0,0,0.0,0.0,0.0,0.0,80,0,0,0,0,0,0,3,0,1,0,65535,14600,0,20,0,0,0,0,0,0,0,0,BENIGN
174.35.73.149-10.42.0.42-80-56167-6,10.42.0.42,56167,174.35.73.149,80,6,11/08/2017 10:10:39,13082452,24,26,2109.0,19926.0,785.0,0.0,87.87499999999999,239.33482322615666,1448.0,0.0,766.3846153846155,558.4443447236673,1684.3172824176997,3.8219135067340586,266988.8163265306,1178287.7977877948,6516193.0,5.0,6566259.0,285489.52173913043,1085860.0184911191,5215123.0,5.0,1.3059262E7,522370.4799999999,1631738.5616588043,6518534.0,7.0,0,0,0,0,908,840,1.8345184832323482,1.9873950235017106,0.0,1448.0,432.0588235294117,548.6321321893097,300997.2164705882,0,0,0,1,0,0,0,0,1.0,440.7,87.875,766.3846153846154,908,0,0,0,0,0,0,24,2109,26,19926,65535,672,3,32,66922.0,0.0,66922.0,66922.0,5215123.0,0.0,5215123.0,5215123.0,BENIGN
180.163.255.159-10.42.0.42-80-36483-6,10.42.0.42,36483,180.163.255.159,80,6,11/08/2017 10:10:42,10752764,6,6,577.0,4264.0,577.0,0.0,96.16666666666667,235.55926359764896,1460.0,0.0,710.6666666666666,779.647783724591,450.2098251203132,1.115992130023499,977524.0,2992796.2750840895,9991913.0,13.0,760851.0,152170.2,209401.67526956415,413723.0,177.0,1.0408759E7,2081751.8,4426439.6014926825,9995867.0,13.0,0,0,0,0,152,132,0.5579960650117495,0.5579960650117495,0.0,1460.0,372.3846153846154,619.122435180304,383312.58974358975,0,0,0,1,0,0,0,0,1.0,403.4166666666667,96.16666666666667,710.6666666666666,152,0,0,0,0,0,0,6,577,6,4264,65535,31,1,20,0,0,0,0,0,0,0,0,BENIGN
171.84.4.11-10.42.0.42-80-47668-6,10.42.0.42,47668,171.84.4.11,80,6,11/08/2017 10:10:51,1517545,2,2,0.0,0.0,0.0,0.0,0.0,0.0,0.0,0.0,0.0,0.0,0.0,2.6358361696028783,505848.3333333333,663454.0919764783,1257977.0,3696.0,259568.0,259568.0,0.0,259568.0,259568.0,1261673.0,1261673.0,0.0,1261673.0,1261673.0,0,0,0,0,60,52,1.3179180848014391,1.3179180848014391,0.0,0.0,0.0,0.0,0.0,0,0,0,1,0,0,0,0,1.0,0.0,0.0,0.0,60,0,0,0,0,0,0,2,0,2,0,65535,29,0,20,0,0,0,0,0,0,0,0,BENIGN
222.73.28.96-10.42.0.42-80-41759-6,10.42.0.42,41759,222.73.28.96,80,6,11/08/2017 10:10:52,711862,3,6,540.0,3539.0,540.0,0.0,180.0,311.7691453623979,1460.0,0.0,589.8333333333333,715.3937144444775,5730.043182526951,12.64289988789962,88982.75,159669.98145796134,347768.0,7.0,350675.0,175337.5,246522.172658972,349655.0,1020.0,364473.0,72894.6,155601.96199052245,351054.0,7.0,0,0,0,0,80,132,4.214299962633207,8.428599925266415,0.0,1460.0,407.9,603.1525419733293,363792.98888888885,0,0,0,1,0,0,0,0,2.0,453.22222222222223,180.0,589.8333333333334,80,0,0,0,0,0,0,3,540,6,3539,65535,62,1,20,0,0,0,0,0,0,0,0,BENIGN
222.73.28.96-10.42.0.42-80-41759-6,10.42.0.42,41759,222.73.28.96,80,6,11/08/2017 10:10:53,4394,4,0,0.0,0.0,0.0,0.0,0.0,0.0,0,0,0,0,0.0,910.3322712790168,1464.6666666666667,1333.940153580112,2692.0,45.0,4394.0,1464.6666666666667,1333.940153580112,2692.0,45.0,0,0,0,0,0,0,0,0,0,80,0,910.3322712790168,0.0,0.0,0.0,0.0,0.0,0.0,0,0,0,0,1,0,0,0,0.0,0.0,0.0,0.0,80,0,0,0,0,0,0,4,0,0,0,1415,-1,0,20,0,0,0,0,0,0,0,0,BENIGN
10.42.0.42-119.146.74.34-37445-80-6,10.42.0.42,37445,119.146.74.34,80,6,11/08/2017 10:10:52,485360,4,7,1134.0,3782.0,1134.0,0.0,283.5,567.0,1340.0,0.0,540.2857142857143,678.5085885690061,10128.564364595351,22.663589912642163,48536.0,84042.69074834659,240631.0,24.0,387840.0,129280.0,121712.9432763829,242479.0,545.0,244729.0,40788.16666666667,64224.59834180878,143546.0,24.0,0,0,0,0,112,164,8.241305422778968,14.422284489863195,0.0,1340.0,409.6666666666667,608.8467986631975,370694.4242424242,0,0,0,1,0,0,0,0,1.0,446.90909090909093,283.5,540.2857142857143,112,0,0,0,0,0,0,4,1134,7,3782,65535,4522,1,20,0,0,0,0,0,0,0,0,BENIGN
10.42.0.42-119.146.74.34-37445-80-6,10.42.0.42,37445,119.146.74.34,80,6,11/08/2017 10:10:53,6171,3,0,0.0,0.0,0.0,0.0,0.0,0.0,0,0,0,0,0.0,486.1448711716091,3085.5,3748.3730470698883,5736.0,435.0,6171.0,3085.5,3748.3730470698883,5736.0,435.0,0,0,0,0,0,0,0,0,0,60,0,486.1448711716091,0.0,0.0,0.0,0.0,0.0,0.0,0,0,0,0,1,0,0,0,0.0,0.0,0.0,0.0,60,0,0,0,0,0,0,3,0,0,0,1460,-1,0,20,0,0,0,0,0,0,0,0,BENIGN
171.84.4.11-10.42.0.42-80-47668-6,10.42.0.42,47668,171.84.4.11,80,6,11/08/2017 10:10:53,549738,2,0,0.0,0.0,0.0,0.0,0.0,0.0,0,0,0,0,0.0,3.6380966933339156,549738.0,0.0,549738.0,549738.0,549738.0,549738.0,0.0,549738.0,549738.0,0,0,0,0,0,0,0,0,0,40,0,3.6380966933339156,0.0,0.0,0.0,0.0,0.0,0.0,0,0,0,0,1,0,0,0,0.0,0.0,0.0,0.0,40,0,0,0,0,0,0,2,0,0,0,1369,-1,0,20,0,0,0,0,0,0,0,0,BENIGN
10.42.0.42-14.29.93.243-34825-80-6,10.42.0.42,34825,14.29.93.243,80,6,11/08/2017 10:10:42,10703838,3,1,0.0,0.0,0.0,0.0,0.0,0.0,0.0,0.0,0.0,0.0,0.0,0.3736977334671919,3567946.0,5968658.3404498035,1.0458645E7,6051.0,1.0703838E7,5351919.0,7222001.168523306,1.0458645E7,245193.0,0,0,0,0,0,0,0,0,0,80,24,0.2802733001003939,0.09342443336679797,0.0,0.0,0.0,0.0,0.0,0,0,0,1,0,0,0,0,0.0,0.0,0.0,0.0,80,0,0,0,0,0,0,3,0,1,0,65535,8190,0,20,0,0,0,0,0,0,0,0,BENIGN
203.130.53.126-10.42.0.42-80-39527-6,10.42.0.42,39527,203.130.53.126,80,6,11/08/2017 10:10:43,10156788,4,2,0.0,0.0,0.0,0.0,0.0,0.0,0.0,0.0,0.0,0.0,0.0,0.5907379380174126,2031357.6,4452832.954149111,9996572.0,5578.0,1.0156788E7,3385596.0,5725758.244576171,9996572.0,5578.0,99789.0,99789.0,0.0,99789.0,99789.0,0,0,0,0,112,64,0.3938252920116084,0.1969126460058042,0.0,0.0,0.0,0.0,0.0,0,0,0,1,0,0,0,0,0.0,0.0,0.0,0.0,112,0,0,0,0,0,0,4,0,2,0,65535,14600,0,20,0,0,0,0,0,0,0,0,BENIGN
174.35.73.149-10.42.0.42-80-56167-6,10.42.0.42,56167,174.35.73.149,80,6,11/08/2017 10:10:52,610376,2,0,0.0,0.0,0.0,0.0,0.0,0.0,0,0,0,0,0.0,3.2766688074236208,610376.0,0.0,610376.0,610376.0,610376.0,610376.0,0.0,610376.0,610376.0,0,0,0,0,0,0,0,0,0,64,0,3.2766688074236208,0.0,0.0,0.0,0.0,0.0,0.0,0,0,0,0,1,0,0,0,0.0,0.0,0.0,0.0,64,0,0,0,0,0,0,2,0,0,0,1838,-1,0,32,0,0,0,0,0,0,0,0,BENIGN
180.163.255.159-10.42.0.42-80-36485-6,10.42.0.42,36485,180.163.255.159,80,6,11/08/2017 10:10:42,11012640,4,2,0.0,0.0,0.0,0.0,0.0,0.0,0.0,0.0,0.0,0.0,0.0,0.5448284879919801,2202528.0,4030919.2606624486,9350565.0,2078.0,1.101264E7,3670880.0,4942510.057815664,9350565.0,347003.0,1304648.0,1304648.0,0.0,1304648.0,1304648.0,0,0,0,0,112,64,0.36321899199465346,0.18160949599732673,0.0,0.0,0.0,0.0,0.0,0,0,0,1,0,0,0,0,0.0,0.0,0.0,0.0,112,0,0,0,0,0,0,4,0,2,0,65535,14600,0,20,0,0,0,0,0,0,0,0,BENIGN
180.163.255.159-10.42.0.42-80-36483-6,10.42.0.42,36483,180.163.255.159,80,6,11/08/2017 10:10:53,521168,2,0,0.0,0.0,0.0,0.0,0.0,0.0,0,0,0,0,0.0,3.837534154053971,521168.0,0.0,521168.0,521168.0,521168.0,521168.0,0.0,521168.0,521168.0,0,0,0,0,0,0,0,0,0,40,0,3.837534154053971,0.0,0.0,0.0,0.0,0.0,0.0,0,0,0,0,1,0,0,0,0.0,0.0,0.0,0.0,40,0,0,0,0,0,0,2,0,0,0,1460,-1,0,20,0,0,0,0,0,0,0,0,BENIGN
222.73.28.96-10.42.0.42-80-41751-6,10.42.0.42,41751,222.73.28.96,80,6,11/08/2017 10:10:52,1438666,3,6,540.0,3958.0,540.0,0.0,180.0,311.7691453623979,1460.0,0.0,659.6666666666667,738.8752713866304,3126.507472895029,6.255795299256395,179833.25,274462.56820232206,735390.0,7.0,356940.0,178470.0,250240.84722123205,355417.0,1523.0,1084615.0,216923.0,326880.13936686335,735390.0,7.0,0,0,0,0,80,132,2.0852650997521316,4.170530199504263,0.0,1460.0,449.8,633.2494330391812,401004.84444444446,0,0,0,1,0,0,0,0,2.0,499.77777777777777,180.0,659.6666666666666,80,0,0,0,0,0,0,3,540,6,3958,65535,62,1,20,0,0,0,0,0,0,0,0,BENIGN
10.42.0.42-104.192.110.245-55608-80-6,10.42.0.42,55608,104.192.110.245,80,6,11/08/2017 10:10:43,10201318,3,1,0.0,0.0,0.0,0.0,0.0,0.0,0.0,0.0,0.0,0.0,0.0,0.39210619647382816,3400439.3333333335,5729212.627401547,1.0015964E7,91138.0,1.0201318E7,5100659.0,6951290.9942002855,1.0015964E7,185354.0,0,0,0,0,0,0,0,0,0,80,32,0.2940796473553711,0.09802654911845704,0.0,0.0,0.0,0.0,0.0,0,0,0,1,0,0,0,0,0.0,0.0,0.0,0.0,80,0,0,0,0,0,0,3,0,1,0,65535,14600,0,20,0,0,0,0,0,0,0,0,BENIGN
203.130.53.126-10.42.0.42-80-39527-6,203.130.53.126,80,10.42.0.42,39527,6,11/08/2017 10:10:53,31,2,0,0.0,0.0,0.0,0.0,0.0,0.0,0,0,0,0,0.0,64516.12903225806,31.0,0.0,31.0,31.0,31.0,31.0,0.0,31.0,31.0,0,0,0,0,0,0,0,0,0,40,0,64516.12903225806,0.0,0.0,0.0,0.0,0.0,0.0,0,0,0,0,1,0,0,0,0.0,0.0,0.0,0.0,40,0,0,0,0,0,0,2,0,0,0,58,-1,0,20,0,0,0,0,0,0,0,0,BENIGN
222.73.28.96-10.42.0.42-80-41751-6,10.42.0.42,41751,222.73.28.96,80,6,11/08/2017 10:10:53,15321,4,0,0.0,0.0,0.0,0.0,0.0,0.0,0,0,0,0,0.0,261.0795639971281,5107.0,8772.903225272692,15237.0,8.0,15321.0,5107.0,8772.903225272692,15237.0,8.0,0,0,0,0,0,0,0,0,0,80,0,261.0795639971281,0.0,0.0,0.0,0.0,0.0,0.0,0,0,0,0,1,0,0,0,0.0,0.0,0.0,0.0,80,0,0,0,0,0,0,4,0,0,0,1415,-1,0,20,0,0,0,0,0,0,0,0,BENIGN
10.42.0.42-106.11.129.143-58723-80-6,10.42.0.42,58723,106.11.129.143,80,6,11/08/2017 10:10:53,532791,3,12,1215.0,12396.0,1215.0,0.0,405.0,701.4805770653953,1452.0,0.0,1033.0,642.8320860917654,25546.60270162221,28.153628721205877,38056.5,88435.56595601985,246307.0,14.0,271163.0,135581.5,161051.34758982924,249462.0,21701.0,286620.0,26056.36363636364,81445.08015377322,271299.0,14.0,0,0,0,0,80,260,5.630725744241175,22.5229029769647,0.0,1452.0,850.6875,695.1330538105636,483209.9625,0,0,0,1,0,0,0,0,4.0,907.4,405.0,1033.0,80,0,0,0,0,0,0,3,1215,12,12396,65535,10465,1,20,0,0,0,0,0,0,0,0,BENIGN
10.42.0.42-106.11.129.143-58723-80-6,106.11.129.143,80,10.42.0.42,58723,6,11/08/2017 10:10:53,19350,1,9,1452.0,0.0,1452.0,1452.0,1452.0,0.0,0.0,0.0,0.0,0.0,75038.75968992249,516.795865633075,2150.0,4234.395411389919,13123.0,6.0,0,0,0,0,0,16883.0,2110.375,4524.974915084376,13123.0,6.0,0,0,0,0,20,216,51.679586563307495,465.1162790697675,0.0,1452.0,264.0,587.3629201779765,344995.2,0,0,0,0,1,0,0,0,9.0,290.4,1452.0,0.0,20,0,0,0,0,0,0,1,1452,9,0,10465,65535,0,20,0,0,0,0,0,0,0,0,BENIGN
216.58.201.163-10.42.0.42-443-42014-6,10.42.0.42,42014,216.58.201.163,443,6,11/08/2017 10:09:37,76560383,19,18,1133.0,5008.0,367.0,0.0,59.63157894736842,108.80676578550508,1418.0,0.0,278.2222222222222,515.8250450726322,80.21119748055597,0.48327866907353373,2126677.305555556,1.0070684802835327E7,5.8714751E7,20.0,7.6560383E7,4253354.611111112,1.4171368119359136E7,5.8895723E7,80.0,6.0145203E7,3537953.1176470593,1.4255486410375407E7,5.8856089E7,20.0,0,0,0,0,628,584,0.2481701273620849,0.23510854171144885,0.0,1418.0,161.60526315789474,375.06270030588183,140672.02916073974,0,0,0,1,0,0,0,0,0.0,165.97297297297297,59.63157894736842,278.22222222222223,628,0,0,0,0,0,0,19,1133,18,5008,65535,179,7,32,1232504.0,0.0,1232504.0,1232504.0,5.8714751E7,0.0,5.8714751E7,5.8714751E7,BENIGN
10.42.0.42-106.11.129.143-58724-80-6,10.42.0.42,58724,106.11.129.143,80,6,11/08/2017 10:10:53,796403,12,21,1181.0,25647.0,1181.0,0.0,98.41666666666666,340.925333956474,1452.0,0.0,1221.2857142857142,514.2510226394444,33686.46275817645,41.4363079998443,24887.59375,73422.62608631131,250971.0,7.0,795901.0,72354.63636363635,119116.1171515196,270403.0,7.0,545960.0,27298.000000000004,80750.12583402287,272062.0,7.0,0,0,0,0,284,440,15.067748363579746,26.368559636264557,0.0,1452.0,789.0588235294116,714.2974484903233,510220.8449197861,0,0,0,1,0,0,0,0,1.0,812.969696969697,98.41666666666667,1221.2857142857142,284,0,0,0,0,0,0,12,1181,21,25647,65535,10499,1,20,0,0,0,0,0,0,0,0,BENIGN
10.42.0.42-106.11.129.143-58724-80-6,10.42.0.42,58724,106.11.129.143,80,6,11/08/2017 10:10:54,10178,7,0,0.0,0.0,0.0,0.0,0.0,0.0,0,0,0,0,0.0,687.757909215956,1696.3333333333333,1866.910353141432,5059.0,6.0,10178.0,1696.3333333333333,1866.910353141432,5059.0,6.0,0,0,0,0,0,0,0,0,0,140,0,687.757909215956,0.0,0.0,0.0,0.0,0.0,0.0,0,0,0,0,1,0,0,0,0.0,0.0,0.0,0.0,140,0,0,0,0,0,0,7,0,0,0,65535,-1,0,20,0,0,0,0,0,0,0,0,BENIGN
10.42.0.42-36.51.254.232-45505-443-6,10.42.0.42,45505,36.51.254.232,443,6,11/08/2017 10:10:43,10533604,9,9,524.0,5304.0,318.0,0.0,58.22222222222222,118.87575212987906,1460.0,0.0,589.3333333333334,684.8633075293201,553.2769221246593,1.7088168493898195,619623.7647058824,2249510.428686416,9340624.0,5.0,1192948.0,149118.5,168570.218282217,367989.0,5.0,1.0285476E7,1285684.5,3308571.131003231,9459341.0,7.0,0,0,0,0,200,192,0.8544084246949097,0.8544084246949097,0.0,1460.0,306.73684210526324,539.2393657433139,290779.09356725146,0,0,0,1,0,0,0,0,1.0,323.77777777777777,58.22222222222222,589.3333333333334,200,0,0,0,0,0,0,9,524,9,5304,65535,131,2,20,1192948.0,0.0,1192948.0,1192948.0,9340624.0,0.0,9340624.0,9340624.0,BENIGN
10.42.0.42-106.11.129.143-58725-80-6,10.42.0.42,58725,106.11.129.143,80,6,11/08/2017 10:10:53,889167,10,20,1167.0,24322.0,1167.0,0.0,116.69999999999999,369.0378029416499,1452.0,0.0,1216.0999999999997,521.2828204989768,28666.15607641759,33.739443771529984,30660.93103448275,83072.29061182238,271454.0,4.0,618530.0,68725.55555555555,122871.61138573782,291015.0,7.0,618353.0,32544.894736842103,94235.0961077281,323379.0,4.0,0,0,0,0,232,420,11.24648125717666,22.49296251435332,0.0,1452.0,822.2258064516128,710.519514612485,504837.98064516124,0,0,0,1,0,0,0,0,2.0,849.6333333333333,116.7,1216.1,232,0,0,0,0,0,0,10,1167,20,24322,65535,10513,1,20,0,0,0,0,0,0,0,0,BENIGN
10.42.0.42-106.11.129.143-58725-80-6,10.42.0.42,58725,106.11.129.143,80,6,11/08/2017 10:10:54,5409,8,0,0.0,0.0,0.0,0.0,0.0,0.0,0,0,0,0,0.0,1479.0164540580515,772.7142857142857,834.550121180211,2021.0,11.0,5409.0,772.7142857142857,834.550121180211,2021.0,11.0,0,0,0,0,0,0,0,0,0,160,0,1479.0164540580515,0.0,0.0,0.0,0.0,0.0,0.0,0,0,0,0,1,0,0,0,0.0,0.0,0.0,0.0,160,0,0,0,0,0,0,8,0,0,0,65535,-1,0,20,0,0,0,0,0,0,0,0,BENIGN
10.42.0.42-36.51.254.232-45507-443-6,10.42.0.42,45507,36.51.254.232,443,6,11/08/2017 10:10:43,10498397,3,1,0.0,0.0,0.0,0.0,0.0,0.0,0.0,0.0,0.0,0.0,0.0,0.38101054856279487,3499465.6666666665,5758806.20819926,1.0148724E7,108718.0,1.0498397E7,5249198.5,6928975.411292819,1.0148724E7,349673.0,0,0,0,0,0,0,0,0,0,80,32,0.2857579114220961,0.09525263714069872,0.0,0.0,0.0,0.0,0.0,0,0,0,1,0,0,0,0,0.0,0.0,0.0,0.0,80,0,0,0,0,0,0,3,0,1,0,65535,14600,0,20,0,0,0,0,0,0,0,0,BENIGN
10.42.0.42-106.11.129.143-58744-80-6,10.42.0.42,58744,106.11.129.143,80,6,11/08/2017 10:10:54,479326,3,4,975.0,529.0,975.0,0.0,325.0,562.9165124598851,529.0,0.0,132.25,264.5,3137.739242185903,14.60383955804609,79887.66666666667,122224.81270784042,237943.0,31.0,240047.0,120023.5,168969.5293255562,239503.0,544.0,241916.0,80638.66666666666,138514.7225039033,240580.0,31.0,0,0,0,0,80,100,6.258788382019753,8.345051176026338,0.0,975.0,188.0,367.9506954548589,135387.7142857143,0,0,0,1,0,0,0,0,1.0,214.85714285714286,325.0,132.25,80,0,0,0,0,0,0,3,975,4,529,65535,10705,1,20,0,0,0,0,0,0,0,0,BENIGN
10.42.0.42-106.11.129.143-58744-80-6,10.42.0.42,58744,106.11.129.143,80,6,11/08/2017 10:10:54,1660,2,0,0.0,0.0,0.0,0.0,0.0,0.0,0,0,0,0,0.0,1204.8192771084337,1660.0,0.0,1660.0,1660.0,1660.0,1660.0,0.0,1660.0,1660.0,0,0,0,0,0,0,0,0,0,40,0,1204.8192771084337,0.0,0.0,0.0,0.0,0.0,0.0,0,0,0,0,1,0,0,0,0.0,0.0,0.0,0.0,40,0,0,0,0,0,0,2,0,0,0,65535,-1,0,20,0,0,0,0,0,0,0,0,BENIGN
174.35.73.84-10.42.0.42-80-59154-6,10.42.0.42,59154,174.35.73.84,80,6,11/08/2017 10:10:48,6563741,12,13,574.0,12413.0,574.0,0.0,47.83333333333333,165.6995272574226,1448.0,0.0,954.8461538461539,627.5072172432025,1978.5972664064593,3.8088035466359806,273489.2083333333,1323363.6136180635,6486400.0,4.0,77341.0,7031.0,11205.146049918314,27465.0,6.0,6540408.0,545034.0,1873658.2754232911,6494561.0,4.0,0,0,0,0,392,424,1.8282257023852708,1.98057784425071,0.0,1448.0,499.4999999999999,645.6054058014074,416806.3399999999,0,0,0,1,0,0,0,0,1.0,519.48,47.833333333333336,954.8461538461538,392,0,0,0,0,0,0,12,574,13,12413,65535,675,1,32,0,0,0,0,0,0,0,0,BENIGN
174.35.73.84-10.42.0.42-80-59154-6,10.42.0.42,59154,174.35.73.84,80,6,11/08/2017 10:10:54,20530,1,1,0.0,0.0,0.0,0.0,0.0,0.0,0.0,0.0,0.0,0.0,0.0,97.4184120798831,20530.0,0.0,20530.0,20530.0,0,0,0,0,0,0,0,0,0,0,0,0,0,0,32,32,48.70920603994155,48.70920603994155,0.0,0.0,0.0,0.0,0.0,0,0,0,0,1,0,0,0,1.0,0.0,0.0,0.0,32,0,0,0,0,0,0,1,0,1,0,1793,675,0,32,0,0,0,0,0,0,0,0,BENIGN
10.42.0.42-14.29.93.254-33150-80-6,10.42.0.42,33150,14.29.93.254,80,6,11/08/2017 10:10:44,11322875,3,1,0.0,0.0,0.0,0.0,0.0,0.0,0.0,0.0,0.0,0.0,0.0,0.3532671693364097,3774291.6666666665,6219067.611569786,1.0955226E7,134443.0,1.1322875E7,5661437.5,7486547.493034723,1.0955226E7,367649.0,0,0,0,0,0,0,0,0,0,80,24,0.2649503770023073,0.08831679233410243,0.0,0.0,0.0,0.0,0.0,0,0,0,1,0,0,0,0,0.0,0.0,0.0,0.0,80,0,0,0,0,0,0,3,0,1,0,65535,8190,0,20,0,0,0,0,0,0,0,0,BENIGN
10.42.0.42-104.192.110.245-55618-80-6,10.42.0.42,55618,104.192.110.245,80,6,11/08/2017 10:10:44,10779004,3,1,0.0,0.0,0.0,0.0,0.0,0.0,0.0,0.0,0.0,0.0,0.0,0.37109180031847094,3593001.3333333335,6111045.9898057,1.0649347E7,35291.0,1.0779004E7,5389502.0,7438544.134980313,1.0649347E7,129657.0,0,0,0,0,0,0,0,0,0,80,32,0.2783188502388532,0.09277295007961774,0.0,0.0,0.0,0.0,0.0,0,0,0,1,0,0,0,0,0.0,0.0,0.0,0.0,80,0,0,0,0,0,0,3,0,1,0,65535,14600,0,20,0,0,0,0,0,0,0,0,BENIGN
174.35.73.84-10.42.0.42-80-59154-6,10.42.0.42,59154,174.35.73.84,80,6,11/08/2017 10:10:54,854436,2,0,0.0,0.0,0.0,0.0,0.0,0.0,0,0,0,0,0.0,2.340725343969589,854436.0,0.0,854436.0,854436.0,854436.0,854436.0,0.0,854436.0,854436.0,0,0,0,0,0,0,0,0,0,76,0,2.340725343969589,0.0,0.0,0.0,0.0,0.0,0.0,0,0,0,0,1,0,0,0,0.0,0.0,0.0,0.0,76,0,0,0,0,0,0,2,0,0,0,1793,-1,0,32,0,0,0,0,0,0,0,0,BENIGN
10.42.0.42-104.192.110.245-55627-80-6,10.42.0.42,55627,104.192.110.245,80,6,11/08/2017 10:10:45,10181979,3,1,0.0,0.0,0.0,0.0,0.0,0.0,0.0,0.0,0.0,0.0,0.0,0.39285093791688236,3393993.0,5792290.599532537,1.0082156E7,5334.0,1.0181979E7,5090989.5,7058575.3563622525,1.0082156E7,99823.0,0,0,0,0,0,0,0,0,0,80,24,0.2946382034376618,0.09821273447922059,0.0,0.0,0.0,0.0,0.0,0,0,0,1,0,0,0,0,0.0,0.0,0.0,0.0,80,0,0,0,0,0,0,3,0,1,0,65535,14600,0,20,0,0,0,0,0,0,0,0,BENIGN
10.42.0.42-104.192.110.245-55629-80-6,10.42.0.42,55629,104.192.110.245,80,6,11/08/2017 10:10:45,10181946,3,1,0.0,0.0,0.0,0.0,0.0,0.0,0.0,0.0,0.0,0.0,0.0,0.3928522111588492,3393982.0,5792318.9274967415,1.0082178E7,5339.0,1.0181946E7,5090973.0,7058629.803584404,1.0082178E7,99768.0,0,0,0,0,0,0,0,0,0,80,24,0.2946391583691369,0.0982130527897123,0.0,0.0,0.0,0.0,0.0,0,0,0,1,0,0,0,0,0.0,0.0,0.0,0.0,80,0,0,0,0,0,0,3,0,1,0,65535,14600,0,20,0,0,0,0,0,0,0,0,BENIGN
180.163.255.159-10.42.0.42-80-36484-6,10.42.0.42,36484,180.163.255.159,80,6,11/08/2017 10:10:54,2220090,2,0,0.0,0.0,0.0,0.0,0.0,0.0,0,0,0,0,0.0,0.9008643793720075,2220090.0,0.0,2220090.0,2220090.0,2220090.0,2220090.0,0.0,2220090.0,2220090.0,0,0,0,0,0,0,0,0,0,40,0,0.9008643793720075,0.0,0.0,0.0,0.0,0.0,0.0,0,0,0,0,1,1,0,0,0.0,0.0,0.0,0.0,40,0,0,0,0,0,0,2,0,0,0,1369,-1,0,20,0,0,0,0,0,0,0,0,BENIGN
180.163.255.159-10.42.0.42-80-36484-6,180.163.255.159,80,10.42.0.42,36484,6,11/08/2017 10:10:56,4080,2,0,0.0,0.0,0.0,0.0,0.0,0.0,0,0,0,0,0.0,490.19607843137254,4080.0,0.0,4080.0,4080.0,4080.0,4080.0,0.0,4080.0,4080.0,0,0,0,0,0,0,0,0,0,40,0,490.19607843137254,0.0,0.0,0.0,0.0,0.0,0.0,0,0,0,0,1,0,0,0,0.0,0.0,0.0,0.0,40,0,0,0,0,0,0,2,0,0,0,29,-1,0,20,0,0,0,0,0,0,0,0,BENIGN
10.42.0.42-115.239.210.141-60964-80-6,10.42.0.42,60964,115.239.210.141,80,6,11/08/2017 10:10:46,11179121,14,14,1681.0,10699.0,952.0,0.0,120.07142857142858,308.33360162348487,1460.0,0.0,764.2142857142856,706.1043917778107,1107.4215942380442,2.504669195368759,414041.51851851854,1822198.9254451587,9516810.0,4.0,1662311.0,127870.07692307692,132855.17416436435,337302.0,47.0,1.085345E7,834880.7692307692,2612068.0775737884,9519263.0,4.0,0,0,0,0,360,300,1.2523345976843796,1.2523345976843796,0.0,1460.0,426.89655172413785,621.3659690453644,386095.6674876848,0,0,0,1,0,0,0,0,1.0,442.14285714285717,120.07142857142857,764.2142857142857,360,0,0,0,0,0,0,14,1681,14,10699,65535,564,2,20,0,0,0,0,0,0,0,0,BENIGN
10.42.0.42-115.239.210.141-60968-80-6,10.42.0.42,60968,115.239.210.141,80,6,11/08/2017 10:10:46,11123755,12,12,2233.0,11046.0,1228.0,0.0,186.08333333333334,437.1898814293881,1460.0,0.0,920.5,685.4370205138537,1193.751570400463,2.157544821869953,483641.52173913043,2003998.4685859436,9663914.0,13.0,1459841.0,132712.81818181818,138378.77392925415,335229.0,13.0,1.0798548E7,981686.1818181818,2884050.893601284,9670309.0,113.0,0,0,0,0,272,260,1.0787724109349766,1.0787724109349766,0.0,1460.0,531.16,670.8403113508709,450026.7233333334,0,0,0,1,0,0,0,0,1.0,553.2916666666666,186.08333333333334,920.5,272,0,0,0,0,0,0,12,2233,12,11046,65535,324,2,20,0,0,0,0,0,0,0,0,BENIGN
10.42.0.42-115.239.210.141-60967-80-6,10.42.0.42,60967,115.239.210.141,80,6,11/08/2017 10:10:46,11194830,12,13,1679.0,11213.0,952.0,0.0,139.91666666666669,330.2771448711558,1460.0,0.0,862.5384615384617,712.3963802295058,1151.603016749696,2.233173706076823,466451.25000000006,1894637.0640099377,9342325.0,84.0,1852505.0,168409.54545454544,156850.71053034067,335586.0,803.0,1.0868526E7,905710.5,2661327.208135325,9344516.0,84.0,0,0,0,0,272,280,1.0719233789168752,1.161250327159948,0.0,1460.0,495.8461538461538,657.3927710163958,432165.25538461545,0,0,0,1,0,0,0,0,1.0,515.68,139.91666666666666,862.5384615384615,272,0,0,0,0,0,0,12,1679,13,11213,65535,564,2,20,0,0,0,0,0,0,0,0,BENIGN
10.42.0.42-115.239.210.141-60965-80-6,10.42.0.42,60965,115.239.210.141,80,6,11/08/2017 10:10:46,11470002,9,13,1957.0,11517.0,1230.0,0.0,217.44444444444446,449.4288350537577,1460.0,0.0,885.923076923077,689.4279587138965,1174.7164473031478,1.9180467448915879,546190.5714285715,2168334.111250629,9994920.0,14.0,1475082.0,184385.25,167691.22802319913,409964.0,63.0,1.1144127E7,928677.2499999999,2861538.355984421,9999387.0,14.0,0,0,0,0,212,280,0.7846554865465586,1.1333912583450292,0.0,1460.0,585.8260869565215,676.0485224768138,457041.60474308295,0,0,0,1,0,0,0,0,1.0,612.4545454545455,217.44444444444446,885.9230769230769,212,0,0,0,0,0,0,9,1957,13,11517,65535,580,2,20,0,0,0,0,0,0,0,0,BENIGN
180.163.255.159-10.42.0.42-80-36545-6,10.42.0.42,36545,180.163.255.159,80,6,11/08/2017 10:10:47,10707454,4,4,1032.0,414.0,1032.0,0.0,258.0,516.0,414.0,0.0,103.5,207.0,135.0461090003282,0.7471430650087313,1529636.2857142857,3728319.5417152625,9977095.0,3309.0,730359.0,243453.0,207837.79007437508,378290.0,4102.0,1.0362796E7,3454265.3333333335,5667348.167068734,9995460.0,15102.0,0,0,0,0,100,92,0.37357153250436564,0.37357153250436564,0.0,1032.0,160.66666666666666,354.27672799663264,125512.00000000001,0,0,0,1,0,0,0,0,1.0,180.75,258.0,103.5,100,0,0,0,0,0,0,4,1032,4,414,65535,33,1,20,0,0,0,0,0,0,0,0,BENIGN
10.42.0.42-104.192.110.245-55606-80-6,10.42.0.42,55606,104.192.110.245,80,6,11/08/2017 10:10:43,15195103,5,5,443.0,1805.0,443.0,0.0,88.6,198.11562280648138,1460.0,0.0,361.0,632.2618128591984,147.94239960071346,0.6581067597896507,1688344.7777777778,4976859.00114409,1.495955E7,21.0,235553.0,58888.25,68650.70942277291,134946.0,78.0,1.5100742E7,3775185.5,7482801.246352665,1.4999163E7,21.0,0,0,0,0,120,112,0.32905337989482536,0.32905337989482536,0.0,1460.0,204.36363636363635,445.80988610107624,198746.45454545456,0,0,0,1,0,0,0,0,1.0,224.8,88.6,361.0,120,0,0,0,0,0,0,5,443,5,1805,65535,31,1,20,0,0,0,0,0,0,0,0,BENIGN
10.42.0.42-115.239.210.141-60966-80-6,10.42.0.42,60966,115.239.210.141,80,6,11/08/2017 10:10:46,12127851,15,17,2911.0,17327.0,1003.0,0.0,194.06666666666672,401.898435404957,1460.0,0.0,1019.2352941176473,634.9654054958196,1668.7210289770217,2.6385548437229316,391220.99999999994,1730659.3648843206,9665831.0,4.0,2462020.0,175858.57142857142,249432.5519277442,848139.0,7.0,1.1801902E7,737618.8750000001,2400556.6129022907,9669476.0,4.0,0,0,0,0,332,360,1.2368225829951243,1.4017322607278075,0.0,1460.0,613.2727272727274,673.74917776978,453937.95454545453,0,0,0,1,0,0,0,0,1.0,632.4375,194.06666666666666,1019.2352941176471,332,0,0,0,0,0,0,15,2911,17,17327,65535,584,3,20,0,0,0,0,0,0,0,0,BENIGN
10.42.0.42-106.11.92.14-58178-443-6,10.42.0.42,58178,106.11.92.14,443,6,11/08/2017 10:10:52,5900180,8,9,771.0,4087.0,441.0,0.0,96.375,159.31454735836274,1452.0,0.0,454.1111111111111,594.5450875342518,823.3647109071248,2.8812680291109762,368761.25,1234160.839144639,4977515.0,22.0,922632.0,131804.57142857142,158473.81805086622,314618.0,281.0,5608819.0,701102.375,1742213.2407570335,5000263.0,22.0,0,0,0,0,180,200,1.3558908372286949,1.5253771918822816,0.0,1452.0,269.88888888888886,461.75342145156026,213216.22222222225,0,0,0,1,0,0,0,0,1.0,285.7647058823529,96.375,454.1111111111111,180,0,0,0,0,0,0,8,771,9,4087,65535,16616,3,20,0,0,0,0,0,0,0,0,BENIGN
10.42.0.42-36.110.213.174-36031-443-6,10.42.0.42,36031,36.110.213.174,443,6,11/08/2017 10:10:48,10488168,2,2,0.0,0.0,0.0,0.0,0.0,0.0,0.0,0.0,0.0,0.0,0.0,0.3813821441456697,3496056.0,5845892.591350272,1.0244914E7,2686.0,243254.0,243254.0,0.0,243254.0,243254.0,1.02476E7,1.02476E7,0.0,1.02476E7,1.02476E7,0,0,0,0,60,52,0.19069107207283484,0.19069107207283484,0.0,0.0,0.0,0.0,0.0,0,0,0,1,0,0,0,0,1.0,0.0,0.0,0.0,60,0,0,0,0,0,0,2,0,2,0,65535,115,0,20,0,0,0,0,0,0,0,0,BENIGN
180.149.134.221-10.42.0.42-80-51566-6,10.42.0.42,51566,180.149.134.221,80,6,11/08/2017 10:10:49,10523978,4,4,994.0,236.0,994.0,0.0,248.5,497.0,236.0,0.0,59.0,118.00000000000001,116.87595698128598,0.7601688258945429,1503425.4285714286,3747373.4930454446,9997255.0,34.0,526723.0,175574.33333333334,151303.15912211925,264328.0,872.0,1.0265005E7,3421668.3333333335,5699035.946705402,1.0000578E7,34.0,0,0,0,0,100,84,0.38008441294727147,0.38008441294727147,0.0,994.0,136.66666666666666,330.83832909746116,109454.00000000001,0,0,0,1,0,0,0,0,1.0,153.75,248.5,59.0,100,0,0,0,0,0,0,4,994,4,236,65535,6958,1,20,0,0,0,0,0,0,0,0,BENIGN
180.149.134.221-10.42.0.42-80-51565-6,10.42.0.42,51565,180.149.134.221,80,6,11/08/2017 10:10:49,10527496,4,4,997.0,236.0,997.0,0.0,249.25,498.5,236.0,0.0,59.0,118.00000000000001,117.12186829612665,0.7599147983528087,1503927.9999999998,3746852.4014593456,9996440.0,231.0,531056.0,177018.66666666666,152110.20926398507,264979.0,1377.0,1.0265174E7,3421724.6666666665,5698244.84101204,9999712.0,231.0,0,0,0,0,100,92,0.37995739917640436,0.37995739917640436,0.0,997.0,137.00000000000003,331.8101867031813,110098.0,0,0,0,1,0,0,0,0,1.0,154.125,249.25,59.0,100,0,0,0,0,0,0,4,997,4,236,65535,62,1,20,0,0,0,0,0,0,0,0,BENIGN
180.149.134.221-10.42.0.42-80-51564-6,10.42.0.42,51564,180.149.134.221,80,6,11/08/2017 10:10:49,10527783,4,4,997.0,236.0,997.0,0.0,249.25,498.5,236.0,0.0,59.0,118.00000000000001,117.11867541342751,0.7598940821633577,1503968.9999999998,3746874.795754234,9996538.0,258.0,531245.0,177081.66666666666,152340.52436674008,265106.0,1174.0,1.0265566E7,3421855.3333333335,5698364.556948014,9999980.0,258.0,0,0,0,0,100,84,0.37994704108167887,0.37994704108167887,0.0,997.0,137.00000000000003,331.8101867031813,110098.0,0,0,0,1,0,0,0,0,1.0,154.125,249.25,59.0,100,0,0,0,0,0,0,4,997,4,236,65535,6979,1,20,0,0,0,0,0,0,0,0,BENIGN
10.42.0.42-106.11.92.14-58178-443-6,10.42.0.42,58178,106.11.92.14,443,6,11/08/2017 10:10:58,1013855,3,0,0.0,0.0,0.0,0.0,0.0,0.0,0,0,0,0,0.0,2.959003013251402,506927.5,673314.8552204237,983033.0,30822.0,1013855.0,506927.5,673314.8552204237,983033.0,30822.0,0,0,0,0,0,0,0,0,0,60,0,2.959003013251402,0.0,0.0,0.0,0.0,0.0,0.0,0,0,0,0,1,0,0,0,0.0,0.0,0.0,0.0,60,0,0,0,0,0,0,3,0,0,0,65535,-1,0,20,0,0,0,0,0,0,0,0,BENIGN
180.149.136.247-10.42.0.42-80-44208-6,10.42.0.42,44208,180.149.136.247,80,6,11/08/2017 10:10:47,12328418,4,2,0.0,0.0,0.0,0.0,0.0,0.0,0.0,0.0,0.0,0.0,0.0,0.4866804483754526,2465683.6,4714110.167028376,1.0852258E7,2401.0,1.2328418E7,4109472.6666666665,5858034.166961245,1.0852258E7,271498.0,1204743.0,1204743.0,0.0,1204743.0,1204743.0,0,0,0,0,112,64,0.3244536322503017,0.16222681612515086,0.0,0.0,0.0,0.0,0.0,0,0,0,1,0,0,0,0,0.0,0.0,0.0,0.0,112,0,0,0,0,0,0,4,0,2,0,65535,14600,0,20,0,0,0,0,0,0,0,0,BENIGN
10.42.0.42-23.192.50.116-53499-80-6,10.42.0.42,53499,23.192.50.116,80,6,11/08/2017 10:10:48,11605193,3,1,0.0,0.0,0.0,0.0,0.0,0.0,0.0,0.0,0.0,0.0,0.0,0.34467328548521337,3868397.6666666665,6677626.169189941,1.1579047E7,2758.0,1.1605193E7,5802596.5,8169134.639476846,1.1579047E7,26146.0,0,0,0,0,0,0,0,0,0,104,40,0.25850496411391005,0.08616832137130334,0.0,0.0,0.0,0.0,0.0,0,0,0,1,0,0,0,0,0.0,0.0,0.0,0.0,104,0,0,0,0,0,0,3,0,1,0,65535,28960,0,32,0,0,0,0,0,0,0,0,BENIGN
10.42.0.42-23.192.50.116-53473-80-6,10.42.0.42,53473,23.192.50.116,80,6,11/08/2017 10:10:46,13458361,3,1,0.0,0.0,0.0,0.0,0.0,0.0,0.0,0.0,0.0,0.0,0.0,0.29721301130204486,4486120.333333333,7746950.795216162,1.3431521E7,3330.0,1.3458361E7,6729180.5,9478540.834742472,1.3431521E7,26840.0,0,0,0,0,0,0,0,0,0,104,40,0.22290975847653366,0.07430325282551122,0.0,0.0,0.0,0.0,0.0,0,0,0,1,0,0,0,0,0.0,0.0,0.0,0.0,104,0,0,0,0,0,0,3,0,1,0,65535,28960,0,32,0,0,0,0,0,0,0,0,BENIGN
10.42.0.42-123.125.29.138-58292-80-6,10.42.0.42,58292,123.125.29.138,80,6,11/08/2017 10:10:45,14222543,4,1,0.0,0.0,0.0,0.0,0.0,0.0,0.0,0.0,0.0,0.0,0.0,0.3515545707965165,3555635.75,6259516.880911038,1.2924401E7,2333.0,1.4222543E7,4740847.666666666,7095398.176082462,1.2924401E7,307360.0,0,0,0,0,0,0,0,0,0,120,24,0.2812436566372132,0.0703109141593033,0.0,0.0,0.0,0.0,0.0,0,0,0,1,0,0,0,0,0.0,0.0,0.0,0.0,120,0,0,0,0,0,0,4,0,1,0,65535,14600,0,20,0,0,0,0,0,0,0,0,BENIGN
10.42.0.42-104.192.110.245-55606-80-6,10.42.0.42,55606,104.192.110.245,80,6,11/08/2017 10:10:58,1194745,2,0,0.0,0.0,0.0,0.0,0.0,0.0,0,0,0,0,0.0,1.6739973801941002,1194745.0,0.0,1194745.0,1194745.0,1194745.0,1194745.0,0.0,1194745.0,1194745.0,0,0,0,0,0,0,0,0,0,40,0,1.6739973801941002,0.0,0.0,0.0,0.0,0.0,0.0,0,0,0,0,1,0,0,0,0.0,0.0,0.0,0.0,40,0,0,0,0,0,0,2,0,0,0,1460,-1,0,20,0,0,0,0,0,0,0,0,BENIGN
10.42.0.42-115.239.210.141-60969-80-6,10.42.0.42,60969,115.239.210.141,80,6,11/08/2017 10:10:46,12880767,3,1,0.0,0.0,0.0,0.0,0.0,0.0,0.0,0.0,0.0,0.0,0.0,0.3105405136200352,4293589.0,7150279.555228383,1.2547972E7,7122.0,1.2880767E7,6440383.5,8637434.490093948,1.2547972E7,332795.0,0,0,0,0,0,0,0,0,0,80,40,0.2329053852150264,0.0776351284050088,0.0,0.0,0.0,0.0,0.0,0,0,0,1,0,0,0,0,0.0,0.0,0.0,0.0,80,0,0,0,0,0,0,3,0,1,0,65535,8192,0,20,0,0,0,0,0,0,0,0,BENIGN
10.42.0.42-115.239.210.141-60965-80-6,10.42.0.42,60965,115.239.210.141,80,6,11/08/2017 10:10:57,1784741,2,0,0.0,0.0,0.0,0.0,0.0,0.0,0,0,0,0,0.0,1.1206107776982768,1784741.0,0.0,1784741.0,1784741.0,1784741.0,1784741.0,0.0,1784741.0,1784741.0,0,0,0,0,0,0,0,0,0,40,0,1.1206107776982768,0.0,0.0,0.0,0.0,0.0,0.0,0,0,0,0,1,0,0,0,0.0,0.0,0.0,0.0,40,0,0,0,0,0,0,2,0,0,0,1734,-1,0,20,0,0,0,0,0,0,0,0,BENIGN
10.42.0.42-115.239.210.141-60964-80-6,10.42.0.42,60964,115.239.210.141,80,6,11/08/2017 10:10:57,2054728,2,0,0.0,0.0,0.0,0.0,0.0,0.0,0,0,0,0,0.0,0.9733648443978961,2054728.0,0.0,2054728.0,2054728.0,2054728.0,2054728.0,0.0,2054728.0,2054728.0,0,0,0,0,0,0,0,0,0,40,0,0.9733648443978961,0.0,0.0,0.0,0.0,0.0,0.0,0,0,0,0,1,0,0,0,0.0,0.0,0.0,0.0,40,0,0,0,0,0,0,2,0,0,0,1552,-1,0,20,0,0,0,0,0,0,0,0,BENIGN
10.42.0.42-115.239.210.141-60968-80-6,10.42.0.42,60968,115.239.210.141,80,6,11/08/2017 10:10:57,1884710,2,0,0.0,0.0,0.0,0.0,0.0,0.0,0,0,0,0,0.0,1.0611712146696308,1884710.0,0.0,1884710.0,1884710.0,1884710.0,1884710.0,0.0,1884710.0,1884710.0,0,0,0,0,0,0,0,0,0,40,0,1.0611712146696308,0.0,0.0,0.0,0.0,0.0,0.0,0,0,0,0,1,0,0,0,0.0,0.0,0.0,0.0,40,0,0,0,0,0,0,2,0,0,0,1689,-1,0,20,0,0,0,0,0,0,0,0,BENIGN
10.42.0.42-115.239.210.141-60967-80-6,10.42.0.42,60967,115.239.210.141,80,6,11/08/2017 10:10:57,1854716,2,0,0.0,0.0,0.0,0.0,0.0,0.0,0,0,0,0,0.0,1.078332208273396,1854716.0,0.0,1854716.0,1854716.0,1854716.0,1854716.0,0.0,1854716.0,1854716.0,0,0,0,0,0,0,0,0,0,40,0,1.078332208273396,0.0,0.0,0.0,0.0,0.0,0.0,0,0,0,0,1,0,0,0,0.0,0.0,0.0,0.0,40,0,0,0,0,0,0,2,0,0,0,1689,-1,0,20,0,0,0,0,0,0,0,0,BENIGN
10.42.0.42-115.239.210.141-60966-80-6,10.42.0.42,60966,115.239.210.141,80,6,11/08/2017 10:10:58,1014615,2,0,0.0,0.0,0.0,0.0,0.0,0.0,0,0,0,0,0.0,1.971191042907901,1014615.0,0.0,1014615.0,1014615.0,1014615.0,1014615.0,0.0,1014615.0,1014615.0,0,0,0,0,0,0,0,0,0,40,0,1.971191042907901,0.0,0.0,0.0,0.0,0.0,0.0,0,0,0,0,1,0,0,0,0.0,0.0,0.0,0.0,40,0,0,0,0,0,0,2,0,0,0,1917,-1,0,20,0,0,0,0,0,0,0,0,BENIGN
180.149.134.221-10.42.0.42-80-51567-6,10.42.0.42,51567,180.149.134.221,80,6,11/08/2017 10:10:49,10291598,3,1,0.0,0.0,0.0,0.0,0.0,0.0,0.0,0.0,0.0,0.0,0.0,0.3886665608198066,3430532.6666666665,5714415.631677865,1.0027276E7,2627.0,1.0291598E7,5145799.0,6903450.977812329,1.0027276E7,264322.0,0,0,0,0,0,0,0,0,0,80,32,0.2914999206148549,0.09716664020495165,0.0,0.0,0.0,0.0,0.0,0,0,0,1,0,0,0,0,0.0,0.0,0.0,0.0,80,0,0,0,0,0,0,3,0,1,0,65535,5840,0,20,0,0,0,0,0,0,0,0,BENIGN
10.42.0.42-64.71.142.96-44842-443-6,10.42.0.42,44842,64.71.142.96,443,6,11/08/2017 10:10:47,12593243,3,1,0.0,0.0,0.0,0.0,0.0,0.0,0.0,0.0,0.0,0.0,0.0,0.31763065320029166,4197747.666666666,7205049.254623477,1.2517328E7,3722.0,1.2593243E7,6296621.5,8797407.499842469,1.2517328E7,75915.0,0,0,0,0,0,0,0,0,0,80,32,0.23822298990021873,0.07940766330007291,0.0,0.0,0.0,0.0,0.0,0,0,0,1,0,0,0,0,0.0,0.0,0.0,0.0,80,0,0,0,0,0,0,3,0,1,0,65535,14600,0,20,0,0,0,0,0,0,0,0,BENIGN
10.42.0.42-36.110.213.174-36031-443-6,10.42.0.42,36031,36.110.213.174,443,6,11/08/2017 10:10:58,810486,2,0,0.0,0.0,0.0,0.0,0.0,0.0,0,0,0,0,0.0,2.4676552093435298,810486.0,0.0,810486.0,810486.0,810486.0,810486.0,0.0,810486.0,810486.0,0,0,0,0,0,0,0,0,0,40,0,2.4676552093435298,0.0,0.0,0.0,0.0,0.0,0.0,0,0,0,0,1,0,0,0,0.0,0.0,0.0,0.0,40,0,0,0,0,0,0,2,0,0,0,1369,-1,0,20,0,0,0,0,0,0,0,0,BENIGN
180.163.255.159-10.42.0.42-80-36546-6,10.42.0.42,36546,180.163.255.159,80,6,11/08/2017 10:10:47,11971068,3,1,0.0,0.0,0.0,0.0,0.0,0.0,0.0,0.0,0.0,0.0,0.0,0.33413894232327473,3990356.0,6608288.559586136,1.1618488E7,8423.0,1.1971068E7,5985534.0,7966199.943023776,1.1618488E7,352580.0,0,0,0,0,0,0,0,0,0,80,32,0.25060420674245604,0.08353473558081868,0.0,0.0,0.0,0.0,0.0,0,0,0,1,0,0,0,0,0.0,0.0,0.0,0.0,80,0,0,0,0,0,0,3,0,1,0,65535,14600,0,20,0,0,0,0,0,0,0,0,BENIGN
180.163.255.159-10.42.0.42-80-36545-6,10.42.0.42,36545,180.163.255.159,80,6,11/08/2017 10:10:58,1234606,2,0,0.0,0.0,0.0,0.0,0.0,0.0,0,0,0,0,0.0,1.6199500083427425,1234606.0,0.0,1234606.0,1234606.0,1234606.0,1234606.0,0.0,1234606.0,1234606.0,0,0,0,0,0,0,0,0,0,40,0,1.6199500083427425,0.0,0.0,0.0,0.0,0.0,0.0,0,0,0,0,1,0,0,0,0.0,0.0,0.0,0.0,40,0,0,0,0,0,0,2,0,0,0,1386,-1,0,20,0,0,0,0,0,0,0,0,BENIGN
10.42.0.42-106.39.162.36-53852-80-6,10.42.0.42,53852,106.39.162.36,80,6,11/08/2017 10:10:49,10574751,3,1,0.0,0.0,0.0,0.0,0.0,0.0,0.0,0.0,0.0,0.0,0.0,0.37825949755223554,3524917.0,5895748.371836183,1.033134E7,2109.0,1.0574751E7,5287375.5,7133243.004028427,1.033134E7,243411.0,0,0,0,0,0,0,0,0,0,80,40,0.28369462316417665,0.09456487438805888,0.0,0.0,0.0,0.0,0.0,0,0,0,1,0,0,0,0,0.0,0.0,0.0,0.0,80,0,0,0,0,0,0,3,0,1,0,65535,8192,0,20,0,0,0,0,0,0,0,0,BENIGN
222.73.28.96-10.42.0.42-80-41660-6,10.42.0.42,41660,222.73.28.96,80,6,11/08/2017 10:10:46,13606601,3,1,0.0,0.0,0.0,0.0,0.0,0.0,0.0,0.0,0.0,0.0,0.0,0.29397496112364874,4535533.666666667,7552316.642235172,1.3253955E7,5052.0,1.3606601E7,6803300.5,9122603.080083037,1.3253955E7,352646.0,0,0,0,0,0,0,0,0,0,80,32,0.22048122084273655,0.07349374028091218,0.0,0.0,0.0,0.0,0.0,0,0,0,1,0,0,0,0,0.0,0.0,0.0,0.0,80,0,0,0,0,0,0,3,0,1,0,65535,14600,0,20,0,0,0,0,0,0,0,0,BENIGN
10.42.0.42-23.192.50.116-53499-80-6,23.192.50.116,80,10.42.0.42,53499,6,11/08/2017 10:10:59,21,2,0,0.0,0.0,0.0,0.0,0.0,0.0,0,0,0,0,0.0,95238.09523809524,21.0,0.0,21.0,21.0,21.0,21.0,0.0,21.0,21.0,0,0,0,0,0,0,0,0,0,64,0,95238.09523809524,0.0,0.0,0.0,0.0,0.0,0.0,0,0,0,0,1,0,0,0,0.0,0.0,0.0,0.0,64,0,0,0,0,0,0,2,0,0,0,905,-1,0,32,0,0,0,0,0,0,0,0,BENIGN
10.42.0.42-104.192.110.245-55573-80-6,10.42.0.42,55573,104.192.110.245,80,6,11/08/2017 10:10:41,18677898,10,13,1458.0,13010.0,556.0,0.0,145.8,241.52147362547748,1460.0,0.0,1000.7692307692308,650.8301306595746,774.6053651219212,1.2314019489773422,848995.3636363635,3211687.9966984065,1.4910935E7,5.0,3766963.0,418551.44444444444,1036602.8586703433,3175211.0,279.0,1.8583757E7,1548646.4166666667,4337825.58516496,1.4998048E7,5.0,0,0,0,0,220,272,0.5353921517292792,0.696009797248063,0.0,1460.0,602.8333333333333,663.2837720906796,439945.3623188405,0,0,0,1,0,0,0,0,1.0,629.0434782608696,145.8,1000.7692307692307,220,0,0,0,0,0,0,10,1458,13,13010,65535,35,3,20,0,0,0,0,0,0,0,0,BENIGN
10.42.0.42-104.192.110.245-55617-80-6,10.42.0.42,55617,104.192.110.245,80,6,11/08/2017 10:10:44,15241802,4,4,553.0,966.0,553.0,0.0,138.25,276.5,966.0,0.0,241.5,483.0,99.66013205000301,0.5248723215273364,2177400.285714286,5631009.009120915,1.494707E7,760.0,294732.0,98244.0,71426.53815634635,148571.0,16493.0,1.5147448E7,5049149.333333333,8618510.237168912,1.5000594E7,760.0,0,0,0,0,100,92,0.2624361607636682,0.2624361607636682,0.0,966.0,168.77777777777777,350.4624722341102,122823.94444444444,0,0,0,1,0,0,0,0,1.0,189.875,138.25,241.5,100,0,0,0,0,0,0,4,553,4,966,65535,31,1,20,0,0,0,0,0,0,0,0,BENIGN
10.42.0.42-104.192.110.245-55607-80-6,10.42.0.42,55607,104.192.110.245,80,6,11/08/2017 10:10:43,17313406,14,12,1681.0,10884.0,656.0,0.0,120.07142857142858,242.20984680666865,1460.0,0.0,907.0,679.3138249198765,725.7381938597177,1.5017264656070561,692536.24,2984675.0410846556,1.494806E7,2.0,2365346.0,181949.6923076923,404297.051024859,1494262.0,5.0,1.7218841E7,1565349.1818181819,4483785.552068717,1.5000095E7,2.0,0,0,0,0,300,252,0.8086219430191841,0.693104522587872,0.0,1460.0,465.3703703703703,622.1872800017784,387117.0113960114,0,0,0,1,0,0,0,0,0.0,483.2692307692308,120.07142857142857,907.0,300,0,0,0,0,0,0,14,1681,12,10884,65535,36,3,20,0,0,0,0,0,0,0,0,BENIGN
10.42.0.42-104.192.110.245-55628-80-6,10.42.0.42,55628,104.192.110.245,80,6,11/08/2017 10:10:45,15201345,4,4,650.0,612.0,650.0,0.0,162.5,325.0,612.0,0.0,153.0,306.0,83.01896970300983,0.52626922157217,2171620.714285714,5655703.874535768,1.4997185E7,1016.0,204160.0,68053.33333333333,54025.39037650106,99656.0,5672.0,1.5106954E7,5035651.333333333,8629952.769271528,1.500048E7,1016.0,0,0,0,0,100,92,0.263134610786085,0.263134610786085,0.0,650.0,140.22222222222223,278.40697628551703,77510.44444444444,0,0,0,1,0,0,0,0,1.0,157.75,162.5,153.0,100,0,0,0,0,0,0,4,650,4,612,65535,32,1,20,0,0,0,0,0,0,0,0,BENIGN
203.90.242.126-10.42.0.42-80-49001-6,10.42.0.42,49001,203.90.242.126,80,6,11/08/2017 10:10:39,22015727,6,5,709.0,705.0,356.0,0.0,118.16666666666667,183.06547098419915,398.0,0.0,141.0,195.73451407454945,64.22681385901997,0.4996428235142996,2201572.7,5321511.489271802,1.6883865E7,224.0,5131862.0,1026372.4,1807591.7656956727,4250776.0,2718.0,2.1767477E7,5441869.25,7984636.686324989,1.7011105E7,224.0,0,0,0,0,200,168,0.272532449189618,0.22711037432468165,0.0,398.0,117.83333333333334,175.13155228587624,30671.060606060608,0,0,0,1,0,0,0,0,0.0,128.54545454545453,118.16666666666667,141.0,200,0,0,0,0,0,0,6,709,5,705,65535,243,2,32,0,0,0,0,0,0,0,0,BENIGN
10.42.0.42-115.239.210.141-56322-443-6,10.42.0.42,56322,115.239.210.141,443,6,11/08/2017 10:10:50,11066743,16,21,860.0,8485.0,533.0,0.0,53.75000000000001,140.03356740439057,1460.0,0.0,404.04761904761904,577.9393113632673,844.4218863671091,3.3433504329141823,307409.5277777778,1620359.6646791634,9745873.0,7.0,1320838.0,88055.86666666667,130285.03929289957,330140.0,61.0,1.0741402E7,537070.1,2170308.539873485,9748227.0,7.0,0,0,0,0,400,440,1.445773160179106,1.8975772727350766,0.0,1460.0,245.92105263157902,469.3542073714056,220293.3719772404,0,0,0,1,0,0,0,0,1.0,252.56756756756758,53.75,404.04761904761904,400,0,0,0,0,0,0,16,860,21,8485,65535,524,3,20,1320838.0,0.0,1320838.0,1320838.0,9745873.0,0.0,9745873.0,9745873.0,BENIGN
10.42.0.42-117.121.27.13-33919-80-6,10.42.0.42,33919,117.121.27.13,80,6,11/08/2017 10:10:50,10524207,4,4,480.0,154.0,480.0,0.0,120.0,240.0,154.0,0.0,38.5,77.0,60.24206859481194,0.7601522851080371,1503458.142857143,3745409.469818862,9992705.0,271.0,531502.0,177167.33333333334,152902.74829555332,265828.0,611.0,1.0263325E7,3421108.3333333335,5695199.411283712,9995548.0,271.0,0,0,0,0,100,92,0.38007614255401856,0.38007614255401856,0.0,480.0,70.44444444444444,161.80784213930355,26181.777777777777,0,0,0,1,0,0,0,0,1.0,79.25,120.0,38.5,100,0,0,0,0,0,0,4,480,4,154,65535,31,1,20,0,0,0,0,0,0,0,0,BENIGN
10.42.0.42-123.125.115.164-39539-443-6,10.42.0.42,39539,123.125.115.164,443,6,11/08/2017 10:10:54,6865826,12,15,2656.0,4945.0,778.0,0.0,221.33333333333334,338.8379428504894,1460.0,0.0,329.6666666666667,496.5670242009728,1107.077283927673,3.932520282337478,264070.23076923075,971655.4624688036,4993569.0,18.0,1872225.0,170202.27272727274,148691.30617833103,324435.0,18.0,6585563.0,470397.35714285716,1313123.114199099,5000935.0,21.0,0,0,0,0,272,320,1.7477867921499903,2.184733490187488,0.0,1460.0,271.46428571428567,424.68676754650664,180358.85052910057,0,0,0,1,0,0,0,0,1.0,281.51851851851853,221.33333333333334,329.6666666666667,272,0,0,0,0,0,0,12,2656,15,4945,65535,672,5,20,0,0,0,0,0,0,0,0,BENIGN
10.42.0.42-123.125.115.164-39541-443-6,10.42.0.42,39541,123.125.115.164,443,6,11/08/2017 10:10:54,6780958,9,11,1413.0,4071.0,762.0,0.0,157.0,283.73579259585847,1460.0,0.0,370.09090909090907,565.1306848058164,808.7352848963229,2.949435758192279,356892.5263157895,1127284.607180772,4959371.0,21.0,1821555.0,227694.375,214815.11393617236,618001.0,102.0,6500932.0,650093.2000000001,1555244.3411841397,5000746.0,21.0,0,0,0,0,224,240,1.3272460911865256,1.6221896670057534,0.0,1460.0,261.14285714285717,454.65088647381805,206707.42857142858,0,0,0,1,0,0,0,0,1.0,274.2,157.0,370.09090909090907,224,0,0,0,0,0,0,9,1413,11,4071,65535,576,3,20,0,0,0,0,0,0,0,0,BENIGN
10.42.0.42-123.125.115.164-39538-443-6,10.42.0.42,39538,123.125.115.164,443,6,11/08/2017 10:10:54,7147194,16,17,3370.0,5382.0,778.0,0.0,210.625,331.5858611782676,1460.0,0.0,316.5882352941176,472.32113794847373,1224.536510412338,4.617196622898441,223349.81249999997,869336.4819609759,4949347.0,12.0,2197814.0,146520.93333333332,145225.65627201722,321842.0,67.0,6876373.0,429773.31249999994,1228313.3543881339,4999313.0,12.0,0,0,0,0,352,360,2.2386407868598504,2.3785558360385908,0.0,1460.0,257.4117647058823,403.7494811064915,163013.64349376113,0,0,0,1,0,0,0,0,1.0,265.2121212121212,210.625,316.5882352941176,352,0,0,0,0,0,0,16,3370,17,5382,65535,720,6,20,0,0,0,0,0,0,0,0,BENIGN
10.42.0.42-106.39.162.36-53852-80-6,10.42.0.42,53852,106.39.162.36,80,6,11/08/2017 10:11:00,1495788,2,0,0.0,0.0,0.0,0.0,0.0,0.0,0,0,0,0,0.0,1.3370878760893925,1495788.0,0.0,1495788.0,1495788.0,1495788.0,1495788.0,0.0,1495788.0,1495788.0,0,0,0,0,0,0,0,0,0,40,0,1.3370878760893925,0.0,0.0,0.0,0.0,0.0,0.0,0,0,0,0,1,1,0,0,0.0,0.0,0.0,0.0,40,0,0,0,0,0,0,2,0,0,0,1369,-1,0,20,0,0,0,0,0,0,0,0,BENIGN
180.163.255.159-10.42.0.42-443-59886-6,10.42.0.42,59886,180.163.255.159,443,6,11/08/2017 10:10:49,12531885,10,7,534.0,5222.0,204.0,0.0,53.400000000000006,88.56410107938768,1460.0,0.0,745.9999999999999,696.0373553193822,459.3083961431181,1.3565397384351994,783242.8125,2587832.2998183435,1.0435099E7,5.0,1.2531885E7,1392431.6666666667,3406820.953503464,1.0435099E7,60.0,1715196.0,285866.0,543225.5339245385,1356802.0,5.0,0,0,0,0,232,152,0.7979645520207055,0.5585751864144939,0.0,1460.0,319.77777777777777,545.6182198479679,297699.2418300654,0,0,0,1,0,0,0,0,0.0,338.5882352941176,53.4,746.0,232,0,0,0,0,0,0,10,534,7,5222,65535,31,3,20,0,0,0,0,0,0,0,0,BENIGN
180.163.255.159-10.42.0.42-443-59887-6,10.42.0.42,59887,180.163.255.159,443,6,11/08/2017 10:10:49,12532075,9,7,534.0,5222.0,204.0,0.0,59.333333333333336,91.804139340228,1460.0,0.0,746.0,696.0373553193823,459.301432524143,1.276723926404845,835471.6666666667,2664704.0341379824,1.041547E7,1.0,1.2532075E7,1566509.375,3591246.6716240533,1.041547E7,1860.0,1732642.0,288773.6666666667,547590.6242947067,1366669.0,1.0,0,0,0,0,200,144,0.7181572086027254,0.5585667178021197,0.0,1460.0,338.58823529411757,556.3617369598139,309538.38235294115,0,0,0,1,0,0,0,0,0.0,359.75,59.333333333333336,746.0,200,0,0,0,0,0,0,9,534,7,5222,65535,15544,3,20,0,0,0,0,0,0,0,0,BENIGN
10.42.0.42-123.125.115.164-39539-443-6,10.42.0.42,39539,123.125.115.164,443,6,11/08/2017 10:11:01,360317,3,0,0.0,0.0,0.0,0.0,0.0,0.0,0,0,0,0,0.0,8.326001826169733,180158.5,201763.72762342592,322827.0,37490.0,360317.0,180158.5,201763.72762342592,322827.0,37490.0,0,0,0,0,0,0,0,0,0,60,0,8.326001826169733,0.0,0.0,0.0,0.0,0.0,0.0,0,0,0,0,1,0,0,0,0.0,0.0,0.0,0.0,60,0,0,0,0,0,0,3,0,0,0,1643,-1,0,20,0,0,0,0,0,0,0,0,BENIGN
10.42.0.42-123.125.115.164-39541-443-6,10.42.0.42,39541,123.125.115.164,443,6,11/08/2017 10:11:01,201073,3,0,0.0,0.0,0.0,0.0,0.0,0.0,0,0,0,0,0.0,14.919954444405763,100536.5,95140.51030186878,167811.0,33262.0,201073.0,100536.5,95140.51030186878,167811.0,33262.0,0,0,0,0,0,0,0,0,0,60,0,14.919954444405763,0.0,0.0,0.0,0.0,0.0,0.0,0,0,0,0,1,0,0,0,0.0,0.0,0.0,0.0,60,0,0,0,0,0,0,3,0,0,0,1552,-1,0,20,0,0,0,0,0,0,0,0,BENIGN
10.42.0.42-123.125.115.164-39538-443-6,10.42.0.42,39538,123.125.115.164,443,6,11/08/2017 10:11:01,83574,3,0,0.0,0.0,0.0,0.0,0.0,0.0,0,0,0,0,0.0,35.89633139493144,41787.0,1851.2055531463814,43096.0,40478.0,83574.0,41787.0,1851.2055531463814,43096.0,40478.0,0,0,0,0,0,0,0,0,0,60,0,35.89633139493144,0.0,0.0,0.0,0.0,0.0,0.0,0,0,0,0,1,0,0,0,0.0,0.0,0.0,0.0,60,0,0,0,0,0,0,3,0,0,0,1689,-1,0,20,0,0,0,0,0,0,0,0,BENIGN
10.42.0.42-115.239.210.141-56322-443-6,10.42.0.42,56322,115.239.210.141,443,6,11/08/2017 10:11:01,536955,3,0,0.0,0.0,0.0,0.0,0.0,0.0,0,0,0,0,0.0,5.587060368187279,268477.5,335142.45133151964,505459.0,31496.0,536955.0,268477.5,335142.45133151964,505459.0,31496.0,0,0,0,0,0,0,0,0,0,60,0,5.587060368187279,0.0,0.0,0.0,0.0,0.0,0.0,0,0,0,0,1,0,0,0,0.0,0.0,0.0,0.0,60,0,0,0,0,0,0,3,0,0,0,1597,-1,0,20,0,0,0,0,0,0,0,0,BENIGN
10.42.0.42-104.192.110.245-55628-80-6,10.42.0.42,55628,104.192.110.245,80,6,11/08/2017 10:11:01,815667,2,0,0.0,0.0,0.0,0.0,0.0,0.0,0,0,0,0,0.0,2.4519810167629683,815667.0,0.0,815667.0,815667.0,815667.0,815667.0,0.0,815667.0,815667.0,0,0,0,0,0,0,0,0,0,40,0,2.4519810167629683,0.0,0.0,0.0,0.0,0.0,0.0,0,0,0,0,1,0,0,0,0.0,0.0,0.0,0.0,40,0,0,0,0,0,0,2,0,0,0,1388,-1,0,20,0,0,0,0,0,0,0,0,BENIGN
10.42.0.42-64.71.142.96-56374-80-6,10.42.0.42,56374,64.71.142.96,80,6,11/08/2017 10:10:50,10992383,3,1,0.0,0.0,0.0,0.0,0.0,0.0,0.0,0.0,0.0,0.0,0.0,0.36388833977127616,3664127.6666666665,6281670.340307372,1.0917463E7,2429.0,1.0992383E7,5496191.5,7666835.680606732,1.0917463E7,74920.0,0,0,0,0,0,0,0,0,0,80,32,0.2729162548284571,0.09097208494281904,0.0,0.0,0.0,0.0,0.0,0,0,0,1,0,0,0,0,0.0,0.0,0.0,0.0,80,0,0,0,0,0,0,3,0,1,0,65535,14600,0,20,0,0,0,0,0,0,0,0,BENIGN
10.42.0.42-117.121.27.13-33921-80-6,10.42.0.42,33921,117.121.27.13,80,6,11/08/2017 10:10:51,10796149,3,1,0.0,0.0,0.0,0.0,0.0,0.0,0.0,0.0,0.0,0.0,0.0,0.3705024819498138,3598716.3333333335,6005009.644810351,1.0531141E7,5001.0,1.0796149E7,5398074.5,7259252.260862995,1.0531141E7,265008.0,0,0,0,0,0,0,0,0,0,80,32,0.27787686146236035,0.09262562048745344,0.0,0.0,0.0,0.0,0.0,0,0,0,1,0,0,0,0,0.0,0.0,0.0,0.0,80,0,0,0,0,0,0,3,0,1,0,65535,14600,0,20,0,0,0,0,0,0,0,0,BENIGN
10.42.0.42-117.121.27.13-33919-80-6,10.42.0.42,33919,117.121.27.13,80,6,11/08/2017 10:11:01,386232,2,0,0.0,0.0,0.0,0.0,0.0,0.0,0,0,0,0,0.0,5.178234843306614,386232.0,0.0,386232.0,386232.0,386232.0,386232.0,0.0,386232.0,386232.0,0,0,0,0,0,0,0,0,0,40,0,5.178234843306614,0.0,0.0,0.0,0.0,0.0,0.0,0,0,0,0,1,0,0,0,0.0,0.0,0.0,0.0,40,0,0,0,0,0,0,2,0,0,0,1386,-1,0,20,0,0,0,0,0,0,0,0,BENIGN
221.228.208.94-10.42.0.42-80-53318-6,10.42.0.42,53318,221.228.208.94,80,6,11/08/2017 10:10:51,10541437,3,1,0.0,0.0,0.0,0.0,0.0,0.0,0.0,0.0,0.0,0.0,0.0,0.3794549073337914,3513812.3333333335,5791784.85344495,1.0198739E7,2268.0,1.0541437E7,5270718.5,6969273.426752641,1.0198739E7,342698.0,0,0,0,0,0,0,0,0,0,80,32,0.28459118050034354,0.09486372683344785,0.0,0.0,0.0,0.0,0.0,0,0,0,1,0,0,0,0,0.0,0.0,0.0,0.0,80,0,0,0,0,0,0,3,0,1,0,65535,14600,0,20,0,0,0,0,0,0,0,0,BENIGN
10.42.0.42-104.193.88.109-39390-80-6,10.42.0.42,39390,104.193.88.109,80,6,11/08/2017 10:10:50,11767673,3,1,0.0,0.0,0.0,0.0,0.0,0.0,0.0,0.0,0.0,0.0,0.0,0.33991427192105017,3922557.6666666665,6712630.161796815,1.167349E7,5986.0,1.1767673E7,5883836.5,8187806.501140858,1.167349E7,94183.0,0,0,0,0,0,0,0,0,0,104,40,0.25493570394078763,0.08497856798026254,0.0,0.0,0.0,0.0,0.0,0,0,0,1,0,0,0,0,0.0,0.0,0.0,0.0,104,0,0,0,0,0,0,3,0,1,0,65535,14480,0,32,0,0,0,0,0,0,0,0,BENIGN
203.90.242.126-10.42.0.42-80-49001-6,10.42.0.42,49001,203.90.242.126,80,6,11/08/2017 10:11:01,687398,2,0,0.0,0.0,0.0,0.0,0.0,0.0,0,0,0,0,0.0,2.909522576440432,687398.0,0.0,687398.0,687398.0,687398.0,687398.0,0.0,687398.0,687398.0,0,0,0,0,0,0,0,0,0,64,0,2.909522576440432,0.0,0.0,0.0,0.0,0.0,0.0,0,0,0,0,1,0,0,0,0.0,0.0,0.0,0.0,64,0,0,0,0,0,0,2,0,0,0,1403,-1,0,32,0,0,0,0,0,0,0,0,BENIGN
10.42.0.42-104.192.110.245-55607-80-6,10.42.0.42,55607,104.192.110.245,80,6,11/08/2017 10:11:00,1226823,2,0,0.0,0.0,0.0,0.0,0.0,0.0,0,0,0,0,0.0,1.6302270172632891,1226823.0,0.0,1226823.0,1226823.0,1226823.0,1226823.0,0.0,1226823.0,1226823.0,0,0,0,0,0,0,0,0,0,40,0,1.6302270172632891,0.0,0.0,0.0,0.0,0.0,0.0,0,0,0,0,1,0,0,0,0.0,0.0,0.0,0.0,40,0,0,0,0,0,0,2,0,0,0,1780,-1,0,20,0,0,0,0,0,0,0,0,BENIGN
180.76.147.97-10.42.0.42-80-57853-6,10.42.0.42,57853,180.76.147.97,80,6,11/08/2017 10:10:51,10637833,3,1,0.0,0.0,0.0,0.0,0.0,0.0,0.0,0.0,0.0,0.0,0.0,0.3760164311660091,3545944.3333333335,5921802.472358085,1.0382318E7,2295.0,1.0637833E7,5318916.5,7160731.073040273,1.0382318E7,255515.0,0,0,0,0,0,0,0,0,0,104,40,0.2820123233745068,0.09400410779150227,0.0,0.0,0.0,0.0,0.0,0,0,0,1,0,0,0,0,0.0,0.0,0.0,0.0,104,0,0,0,0,0,0,3,0,1,0,65535,65535,0,32,0,0,0,0,0,0,0,0,BENIGN
180.149.134.221-10.42.0.42-80-51566-6,10.42.0.42,51566,180.149.134.221,80,6,11/08/2017 10:10:59,2216966,2,0,0.0,0.0,0.0,0.0,0.0,0.0,0,0,0,0,0.0,0.9021338171176282,2216966.0,0.0,2216966.0,2216966.0,2216966.0,2216966.0,0.0,2216966.0,2216966.0,0,0,0,0,0,0,0,0,0,40,0,0.9021338171176282,0.0,0.0,0.0,0.0,0.0,0.0,0,0,0,0,1,0,0,0,0.0,0.0,0.0,0.0,40,0,0,0,0,0,0,2,0,0,0,65535,-1,0,20,0,0,0,0,0,0,0,0,BENIGN
180.149.134.221-10.42.0.42-80-51564-6,10.42.0.42,51564,180.149.134.221,80,6,11/08/2017 10:10:59,2216891,2,0,0.0,0.0,0.0,0.0,0.0,0.0,0,0,0,0,0.0,0.902164337353528,2216891.0,0.0,2216891.0,2216891.0,2216891.0,2216891.0,0.0,2216891.0,2216891.0,0,0,0,0,0,0,0,0,0,40,0,0.902164337353528,0.0,0.0,0.0,0.0,0.0,0.0,0,0,0,0,1,0,0,0,0.0,0.0,0.0,0.0,40,0,0,0,0,0,0,2,0,0,0,65535,-1,0,20,0,0,0,0,0,0,0,0,BENIGN
180.149.134.221-10.42.0.42-80-51565-6,10.42.0.42,51565,180.149.134.221,80,6,11/08/2017 10:10:59,2217694,2,0,0.0,0.0,0.0,0.0,0.0,0.0,0,0,0,0,0.0,0.9018376746295927,2217694.0,0.0,2217694.0,2217694.0,2217694.0,2217694.0,0.0,2217694.0,2217694.0,0,0,0,0,0,0,0,0,0,40,0,0.9018376746295927,0.0,0.0,0.0,0.0,0.0,0.0,0,0,0,0,1,0,0,0,0.0,0.0,0.0,0.0,40,0,0,0,0,0,0,2,0,0,0,1386,-1,0,20,0,0,0,0,0,0,0,0,BENIGN
180.163.255.159-10.42.0.42-443-59889-6,10.42.0.42,59889,180.163.255.159,443,6,11/08/2017 10:10:49,12293499,3,1,0.0,0.0,0.0,0.0,0.0,0.0,0.0,0.0,0.0,0.0,0.0,0.3253752247427685,4097833.0,6799676.02686253,1.1946946E7,2505.0,1.2293499E7,6146749.5,8202716.554728958,1.1946946E7,346553.0,0,0,0,0,0,0,0,0,0,80,24,0.24403141855707638,0.08134380618569212,0.0,0.0,0.0,0.0,0.0,0,0,0,1,0,0,0,0,0.0,0.0,0.0,0.0,80,0,0,0,0,0,0,3,0,1,0,65535,14600,0,20,0,0,0,0,0,0,0,0,BENIGN
10.42.0.42-123.125.29.138-52587-443-6,10.42.0.42,52587,123.125.29.138,443,6,11/08/2017 10:10:50,11492240,5,2,0.0,0.0,0.0,0.0,0.0,0.0,0.0,0.0,0.0,0.0,0.0,0.6091066667594829,1915373.3333333335,3847995.7652974967,9734947.0,1748.0,1.149224E7,2873060.0,4583783.918468089,9734947.0,355661.0,353977.0,353977.0,0.0,353977.0,353977.0,0,0,0,0,152,64,0.43507619054248775,0.1740304762169951,0.0,0.0,0.0,0.0,0.0,0,0,0,1,0,0,0,0,0.0,0.0,0.0,0.0,152,0,0,0,0,0,0,5,0,2,0,65535,14600,0,20,0,0,0,0,0,0,0,0,BENIGN
10.42.0.42-115.239.210.141-56325-443-6,10.42.0.42,56325,115.239.210.141,443,6,11/08/2017 10:10:50,11326805,3,1,0.0,0.0,0.0,0.0,0.0,0.0,0.0,0.0,0.0,0.0,0.0,0.353144598145726,3775601.6666666665,6257761.906022818,1.0999031E7,2222.0,1.1326805E7,5663402.5,7545718.188484414,1.0999031E7,327774.0,0,0,0,0,0,0,0,0,0,80,40,0.2648584486092945,0.0882861495364315,0.0,0.0,0.0,0.0,0.0,0,0,0,1,0,0,0,0,0.0,0.0,0.0,0.0,80,0,0,0,0,0,0,3,0,1,0,65535,8192,0,20,0,0,0,0,0,0,0,0,BENIGN
10.42.0.42-104.192.110.245-55573-80-6,10.42.0.42,55573,104.192.110.245,80,6,11/08/2017 10:11:00,1738039,2,0,0.0,0.0,0.0,0.0,0.0,0.0,0,0,0,0,0.0,1.1507221644623626,1738039.0,0.0,1738039.0,1738039.0,1738039.0,1738039.0,0.0,1738039.0,1738039.0,0,0,0,0,0,0,0,0,0,40,0,1.1507221644623626,0.0,0.0,0.0,0.0,0.0,0.0,0,0,0,0,1,0,0,0,0.0,0.0,0.0,0.0,40,0,0,0,0,0,0,2,0,0,0,1825,-1,0,20,0,0,0,0,0,0,0,0,BENIGN
10.42.0.42-104.192.110.245-55617-80-6,10.42.0.42,55617,104.192.110.245,80,6,11/08/2017 10:11:00,1618716,2,0,0.0,0.0,0.0,0.0,0.0,0.0,0,0,0,0,0.0,1.2355471867826104,1618716.0,0.0,1618716.0,1618716.0,1618716.0,1618716.0,0.0,1618716.0,1618716.0,0,0,0,0,0,0,0,0,0,40,0,1.2355471867826104,0.0,0.0,0.0,0.0,0.0,0.0,0,0,0,0,1,0,0,0,0.0,0.0,0.0,0.0,40,0,0,0,0,0,0,2,0,0,0,1399,-1,0,20,0,0,0,0,0,0,0,0,BENIGN
10.42.0.42-64.71.142.120-51916-80-6,10.42.0.42,51916,64.71.142.120,80,6,11/08/2017 10:10:49,12051601,3,1,0.0,0.0,0.0,0.0,0.0,0.0,0.0,0.0,0.0,0.0,0.0,0.33190610940405346,4017200.3333333335,6884854.606996748,1.1967072E7,12628.0,1.2051601E7,6025800.5,8402226.733040743,1.1967072E7,84529.0,0,0,0,0,0,0,0,0,0,80,32,0.24892958205304008,0.08297652735101337,0.0,0.0,0.0,0.0,0.0,0,0,0,1,0,0,0,0,0.0,0.0,0.0,0.0,80,0,0,0,0,0,0,3,0,1,0,65535,14600,0,20,0,0,0,0,0,0,0,0,BENIGN
10.42.0.42-104.193.88.109-39390-80-6,104.193.88.109,80,10.42.0.42,39390,6,11/08/2017 10:11:01,160,2,0,0.0,0.0,0.0,0.0,0.0,0.0,0,0,0,0,0.0,12499.999999999998,160.0,0.0,160.0,160.0,160.0,160.0,0.0,160.0,160.0,0,0,0,0,0,0,0,0,0,64,0,12499.999999999998,0.0,0.0,0.0,0.0,0.0,0.0,0,0,0,0,1,0,0,0,0.0,0.0,0.0,0.0,64,0,0,0,0,0,0,2,0,0,0,3620,-1,0,32,0,0,0,0,0,0,0,0,BENIGN
10.42.0.42-36.110.210.167-33835-80-6,10.42.0.42,33835,36.110.210.167,80,6,11/08/2017 10:10:50,11282697,4,1,0.0,0.0,0.0,0.0,0.0,0.0,0.0,0.0,0.0,0.0,0.0,0.4431564545250129,2820674.25,4816013.766809045,1.0017359E7,5267.0,1.1282697E7,3760899.0,5430308.207218905,1.0017359E7,271036.0,0,0,0,0,0,0,0,0,0,120,32,0.35452516362001035,0.08863129090500259,0.0,0.0,0.0,0.0,0.0,0,0,0,1,0,0,0,0,0.0,0.0,0.0,0.0,120,0,0,0,0,0,0,4,0,1,0,65535,14600,0,20,0,0,0,0,0,0,0,0,BENIGN
10.42.0.42-115.239.210.141-60969-80-6,10.42.0.42,60969,115.239.210.141,80,6,11/08/2017 10:11:00,1980893,2,0,0.0,0.0,0.0,0.0,0.0,0.0,0,0,0,0,0.0,1.0096456497145478,1980893.0,0.0,1980893.0,1980893.0,1980893.0,1980893.0,0.0,1980893.0,1980893.0,0,0,0,0,0,0,0,0,0,40,0,1.0096456497145478,0.0,0.0,0.0,0.0,0.0,0.0,0,0,0,0,1,1,0,0,0.0,0.0,0.0,0.0,40,0,0,0,0,0,0,2,0,0,0,1369,-1,0,20,0,0,0,0,0,0,0,0,BENIGN
180.149.153.68-10.42.0.42-80-44693-6,10.42.0.42,44693,180.149.153.68,80,6,11/08/2017 10:10:35,27144736,13,9,4028.0,2465.0,1088.0,0.0,309.8461538461538,439.7303806792382,582.0,0.0,273.8888888888889,215.85437477871767,239.1992318510668,0.810470214188121,1292606.4761904762,2604228.7722544963,9991727.0,30.0,1.7153009E7,1429417.416666667,2054881.9830975235,6113259.0,68993.0,2.6901163E7,3362645.375,3536502.161554345,9994773.0,30.0,0,0,0,0,436,296,0.4789142174747988,0.3315559967133222,0.0,1088.0,282.304347826087,355.68709880028604,126513.31225296445,0,0,0,1,0,0,0,0,0.0,295.1363636363636,309.84615384615387,273.8888888888889,436,0,0,0,0,0,0,13,4028,9,2465,65535,184,5,32,2793198.5,3601250.2888558717,5339667.0,246730.0,5659894.5,641154.224598497,6113259.0,5206530.0,BENIGN
10.42.0.42-104.192.110.245-55660-80-6,10.42.0.42,55660,104.192.110.245,80,6,11/08/2017 10:10:47,15309445,8,12,645.0,13097.0,645.0,0.0,80.625,228.04193693266157,1460.0,0.0,1091.4166666666667,658.2625144110729,897.6158182089553,1.3063830857356358,805760.2631578948,3432483.863844161,1.4979416E7,3.0,330029.0,47147.0,58647.13307286782,115364.0,5.0,1.5215112E7,1383192.0000000002,4516484.142165718,1.5000296E7,3.0,0,0,0,0,180,252,0.5225532342942543,0.7838298514413814,0.0,1460.0,654.3809523809523,724.0238584598216,524210.5476190477,0,0,0,1,0,0,0,0,1.0,687.1,80.625,1091.4166666666667,180,0,0,0,0,0,0,8,645,12,13097,65535,32,1,20,0,0,0,0,0,0,0,0,BENIGN
10.42.0.42-104.192.110.245-55657-80-6,10.42.0.42,55657,104.192.110.245,80,6,11/08/2017 10:10:47,15312174,9,14,643.0,15783.0,643.0,0.0,71.44444444444443,214.33333333333334,1460.0,0.0,1127.3571428571427,615.34300717853,1072.7412057882832,1.5020727951497939,696007.9090909091,3190654.017514291,1.4980507E7,4.0,331667.0,41458.375,57109.217777211765,115525.0,6.0,1.5217762E7,1170597.076923077,4155633.5857272404,1.5000758E7,4.0,0,0,0,0,200,292,0.5877676154933976,0.9143051796563962,0.0,1460.0,684.4166666666666,718.8973995046113,516813.4710144927,0,0,0,1,0,0,0,0,1.0,714.1739130434783,71.44444444444444,1127.357142857143,200,0,0,0,0,0,0,9,643,14,15783,65535,32,1,20,0,0,0,0,0,0,0,0,BENIGN
10.42.0.42-104.192.110.245-55659-80-6,10.42.0.42,55659,104.192.110.245,80,6,11/08/2017 10:10:47,15315566,9,14,644.0,15931.0,644.0,0.0,71.55555555555557,214.66666666666666,1460.0,0.0,1137.9285714285713,617.6394846243502,1082.2322857673037,1.5017401250466356,696162.0909090909,3191547.6336435294,1.4984669E7,3.0,330897.0,41362.125,56074.759375160436,115989.0,6.0,1.522095E7,1170842.3076923077,4155539.7904641577,1.5000655E7,3.0,0,0,0,0,200,292,0.58763744023564,0.9141026848109955,0.0,1460.0,690.625,723.9741655551699,524138.59239130444,0,0,0,1,0,0,0,0,1.0,720.6521739130435,71.55555555555556,1137.9285714285713,200,0,0,0,0,0,0,9,644,14,15931,65535,32,1,20,0,0,0,0,0,0,0,0,BENIGN
180.163.255.159-10.42.0.42-443-59887-6,180.163.255.159,443,10.42.0.42,59887,6,11/08/2017 10:11:02,1044800,2,1,0.0,0.0,0.0,0.0,0.0,0.0,0.0,0.0,0.0,0.0,0.0,2.871362940275651,522400.0,677962.6680931628,1001792.0,43008.0,1044800.0,1044800.0,0.0,1044800.0,1044800.0,0,0,0,0,0,0,0,0,0,40,20,1.9142419601837672,0.9571209800918836,0.0,0.0,0.0,0.0,0.0,0,0,0,0,1,1,0,0,0.0,0.0,0.0,0.0,40,0,0,0,0,0,0,2,0,1,0,15544,65535,0,20,0,0,0,0,0,0,0,0,BENIGN
10.42.0.42-104.192.110.245-55658-80-6,10.42.0.42,55658,104.192.110.245,80,6,11/08/2017 10:10:47,15413803,14,23,1290.0,27489.0,645.0,0.0,92.14285714285714,234.22305514282652,1460.0,0.0,1195.1739130434783,553.9329342548373,1867.0927609493906,2.4004458860671827,428161.1944444445,2496990.6709675244,1.4992922E7,3.0,420881.0,32375.46153846154,48460.3006639032,106767.0,6.0,1.5319342E7,696333.7272727273,3194609.5200228444,1.4998318E7,3.0,0,0,0,0,300,472,0.9082768217551502,1.4921690643120327,0.0,1460.0,757.3421052631578,709.7992588816655,503814.9879089617,0,0,0,1,0,0,0,0,1.0,777.8108108108108,92.14285714285714,1195.1739130434783,300,0,0,0,0,0,0,14,1290,23,27489,65535,34,2,20,0,0,0,0,0,0,0,0,BENIGN
10.42.0.42-104.192.110.245-55656-80-6,10.42.0.42,55656,104.192.110.245,80,6,11/08/2017 10:10:47,15426379,17,27,1288.0,32866.0,644.0,0.0,75.76470588235294,213.87599485793297,1460.0,0.0,1217.2592592592594,531.4076801356209,2213.9997986565736,2.852257162876654,358753.0,2270163.3397298595,1.4897859E7,3.0,528520.0,33032.5,45872.013091499124,107812.0,5.0,1.5332037E7,589693.7307692308,2919407.1625494594,1.4901985E7,3.0,0,0,0,0,360,552,1.1020084492932527,1.7502487135834015,0.0,1460.0,758.9777777777778,711.2095167864929,505818.9767676768,0,0,0,1,0,0,0,0,1.0,776.2272727272727,75.76470588235294,1217.2592592592594,360,0,0,0,0,0,0,17,1288,27,32866,65535,34,2,20,0,0,0,0,0,0,0,0,BENIGN
10.42.0.42-104.192.110.245-55661-80-6,10.42.0.42,55661,104.192.110.245,80,6,11/08/2017 10:10:47,15456482,11,21,1289.0,23785.0,645.0,0.0,117.18181818181819,260.71318270536995,1460.0,0.0,1132.619047619048,602.3839702540629,1622.2320189031373,2.070328810915705,498596.19354838703,2684740.4439605507,1.4963376E7,14.0,493106.0,49310.6,51375.17897930435,119029.0,67.0,1.5362111E7,768105.55,3349813.6438052393,1.4998654E7,14.0,0,0,0,0,240,432,0.7116755287522737,1.3586532821634316,0.0,1460.0,759.8181818181816,706.5707879675546,499242.278409091,0,0,0,1,0,0,0,0,1.0,783.5625,117.18181818181819,1132.6190476190477,240,0,0,0,0,0,0,11,1289,21,23785,65535,34,2,20,0,0,0,0,0,0,0,0,BENIGN
10.42.0.42-123.125.29.138-52583-443-6,10.42.0.42,52583,123.125.29.138,443,6,11/08/2017 10:10:50,13413943,9,7,525.0,5269.0,318.0,0.0,58.333333333333336,119.03150843369163,1460.0,0.0,752.7142857142857,695.9312021279388,431.93861789930077,1.1927887273712137,894262.8666666667,2700523.513881677,1.053703E7,252.0,1.3413943E7,1676742.875,3618903.517662042,1.053703E7,371.0,2435069.0,405844.8333333333,625045.35902938,1614193.0,252.0,0,0,0,0,224,152,0.6709436591463077,0.521845068224906,0.0,1460.0,340.82352941176475,561.3162249674997,315075.9044117647,0,0,0,1,0,0,0,0,0.0,362.125,58.333333333333336,752.7142857142857,224,0,0,0,0,0,0,9,525,7,5269,65535,131,2,20,0,0,0,0,0,0,0,0,BENIGN
180.163.255.159-10.42.0.42-443-59886-6,180.163.255.159,443,10.42.0.42,59886,6,11/08/2017 10:11:02,1959734,2,1,0.0,0.0,0.0,0.0,0.0,0.0,0.0,0.0,0.0,0.0,0.0,1.530819999040686,979867.0,1346068.2676565852,1931681.0,28053.0,1959734.0,1959734.0,0.0,1959734.0,1959734.0,0,0,0,0,0,0,0,0,0,40,20,1.020546666027124,0.510273333013562,0.0,0.0,0.0,0.0,0.0,0,0,0,0,1,1,0,0,0.0,0.0,0.0,0.0,40,0,0,0,0,0,0,2,0,1,0,31,1552,0,20,0,0,0,0,0,0,0,0,BENIGN
10.42.0.42-115.239.210.141-56325-443-6,10.42.0.42,56325,115.239.210.141,443,6,11/08/2017 10:11:02,1915570,2,0,0.0,0.0,0.0,0.0,0.0,0.0,0,0,0,0,0.0,1.0440756537218687,1915570.0,0.0,1915570.0,1915570.0,1915570.0,1915570.0,0.0,1915570.0,1915570.0,0,0,0,0,0,0,0,0,0,40,0,1.0440756537218687,0.0,0.0,0.0,0.0,0.0,0.0,0,0,0,0,1,1,0,0,0.0,0.0,0.0,0.0,40,0,0,0,0,0,0,2,0,0,0,1369,-1,0,20,0,0,0,0,0,0,0,0,BENIGN
180.163.255.159-10.42.0.42-443-59889-6,10.42.0.42,59889,180.163.255.159,443,6,11/08/2017 10:11:02,2105385,2,0,0.0,0.0,0.0,0.0,0.0,0.0,0,0,0,0,0.0,0.9499450219318557,2105385.0,0.0,2105385.0,2105385.0,2105385.0,2105385.0,0.0,2105385.0,2105385.0,0,0,0,0,0,0,0,0,0,40,0,0.9499450219318557,0.0,0.0,0.0,0.0,0.0,0.0,0,0,0,0,1,1,0,0,0.0,0.0,0.0,0.0,40,0,0,0,0,0,0,2,0,0,0,65535,-1,0,20,0,0,0,0,0,0,0,0,BENIGN
180.163.255.159-10.42.0.42-443-59889-6,180.163.255.159,443,10.42.0.42,59889,6,11/08/2017 10:11:05,5820,2,0,0.0,0.0,0.0,0.0,0.0,0.0,0,0,0,0,0.0,343.6426116838488,5820.0,0.0,5820.0,5820.0,5820.0,5820.0,0.0,5820.0,5820.0,0,0,0,0,0,0,0,0,0,40,0,343.6426116838488,0.0,0.0,0.0,0.0,0.0,0.0,0,0,0,0,1,0,0,0,0.0,0.0,0.0,0.0,40,0,0,0,0,0,0,2,0,0,0,14600,-1,0,20,0,0,0,0,0,0,0,0,BENIGN
203.130.53.126-10.42.0.42-80-39395-6,10.42.0.42,39395,203.130.53.126,80,6,11/08/2017 10:10:35,30498063,20,26,1607.0,29849.0,402.0,0.0,80.35000000000002,164.87484088815594,1460.0,0.0,1148.0384615384617,496.4802095366324,1031.409765269355,1.5082925102489297,677734.7333333333,4468747.0636138525,2.998858E7,4.0,509483.0,26814.894736842103,33400.58476350166,101566.0,5.0,3.047382E7,1218952.8,5996215.675093375,3.0000356E7,4.0,0,0,0,0,456,532,0.6557793522821433,0.8525131579667863,0.0,1460.0,669.276595744681,659.7589053101028,435281.8131359853,0,0,0,1,0,0,0,0,1.0,683.8260869565217,80.35,1148.0384615384614,456,0,0,0,0,0,0,20,1607,26,29849,65535,74,4,20,0,0,0,0,0,0,0,0,BENIGN
220.243.225.102-10.42.0.42-80-34551-6,10.42.0.42,34551,220.243.225.102,80,6,11/08/2017 10:10:35,30070955,6,9,416.0,6282.0,416.0,0.0,69.33333333333334,169.831288832967,1460.0,0.0,698.0000000000001,677.2722864550121,222.73984979858471,0.49882020707356983,2147925.3571428573,8000234.778989095,2.9943884E7,6.0,127071.0,25414.2,24280.395624865752,64408.0,6.0,3.0048817E7,3756102.125,1.0589640911884777E7,2.9964085E7,12.0,0,0,0,0,152,192,0.1995280828294279,0.29929212424414187,0.0,1460.0,418.625,601.3054548230873,361568.24999999994,0,0,0,1,0,0,0,0,1.0,446.53333333333336,69.33333333333333,698.0,152,0,0,0,0,0,0,6,416,9,6282,65535,62,1,20,0,0,0,0,0,0,0,0,BENIGN
220.243.225.102-10.42.0.42-80-34550-6,10.42.0.42,34550,220.243.225.102,80,6,11/08/2017 10:10:35,30072270,6,9,416.0,6236.0,416.0,0.0,69.33333333333334,169.831288832967,1460.0,0.0,692.8888888888889,731.7746313661817,221.2004614217683,0.4987983946672466,2148019.285714286,8000538.291953481,2.9945033E7,7.0,127237.0,25447.4,24277.72466274383,64432.0,7.0,3.0049987E7,3756248.375,1.0590559473404184E7,2.9966505E7,12.0,0,0,0,0,152,192,0.19951935786689864,0.29927903680034795,0.0,1460.0,415.75,633.1032038038244,400819.6666666668,0,0,0,1,0,0,0,0,1.0,443.46666666666664,69.33333333333333,692.8888888888889,152,0,0,0,0,0,0,6,416,9,6236,65535,62,1,20,0,0,0,0,0,0,0,0,BENIGN
203.130.53.126-10.42.0.42-80-39391-6,10.42.0.42,39391,203.130.53.126,80,6,11/08/2017 10:10:35,30652247,63,109,1930.0,143263.0,402.0,0.0,30.634920634920626,105.29379811827009,1460.0,0.0,1314.3394495412836,331.94723532578917,4736.781613432777,5.611334138081297,179252.90643274854,2280304.8757538544,2.9823033E7,3.0,829214.0,13374.419354838712,28528.927924297877,157952.0,5.0,3.0624579E7,283560.9166666667,2874150.0097513567,2.9874713E7,3.0,0,0,0,0,1328,2192,2.0553142482507076,3.556019889830589,0.0,1460.0,839.2658959537574,678.0940876301673,459811.59167898906,0,0,0,1,0,0,0,0,1.0,844.1453488372093,30.634920634920636,1314.3394495412845,1328,0,0,0,0,0,0,63,1930,109,143263,65535,78,5,20,0,0,0,0,0,0,0,0,BENIGN
203.130.53.126-10.42.0.42-80-39416-6,10.42.0.42,39416,203.130.53.126,80,6,11/08/2017 10:10:35,30161270,6,7,406.0,5200.0,406.0,0.0,67.66666666666667,165.74880592832838,1460.0,0.0,742.8571428571428,730.7921338227053,185.86750491607285,0.43101633319817106,2513439.1666666665,8649174.523238754,2.9978076E7,2.0,183194.0,36638.8,58060.88850250227,135723.0,2.0,3.013717E7,5022861.666666667,1.2235956561819883E7,2.9999159E7,6.0,0,0,0,0,140,152,0.1989306153222328,0.23208571787593826,0.0,1460.0,400.4285714285714,619.3814177543112,383633.3406593406,0,0,0,1,0,0,0,0,1.0,431.2307692307692,67.66666666666667,742.8571428571429,140,0,0,0,0,0,0,6,406,7,5200,65535,62,1,20,0,0,0,0,0,0,0,0,BENIGN
203.130.53.126-10.42.0.42-80-39397-6,10.42.0.42,39397,203.130.53.126,80,6,11/08/2017 10:10:35,30789158,29,47,2791.0,53545.0,402.0,0.0,96.24137931034484,173.65825536142071,1460.0,0.0,1139.2553191489365,508.4782269754017,1829.7349995735512,2.468401376874288,410522.1066666667,3460706.297707721,2.998101E7,2.0,808148.0,28862.428571428572,44099.91462360811,169767.0,2.0,3.0764962E7,668803.5217391304,4420938.1760576,3.0000448E7,4.0,0,0,0,0,648,952,0.941889999070452,1.526511377803836,0.0,1460.0,731.6363636363637,656.8492959634315,431450.99760765565,0,0,0,1,0,0,0,0,1.0,741.2631578947369,96.24137931034483,1139.2553191489362,648,0,0,0,0,0,0,29,2791,47,53545,65535,87,7,20,0,0,0,0,0,0,0,0,BENIGN
10.42.0.42-106.11.176.1-41071-443-6,10.42.0.42,41071,106.11.176.1,443,6,11/08/2017 10:10:51,16674620,3,2,0.0,0.0,0.0,0.0,0.0,0.0,0.0,0.0,0.0,0.0,0.0,0.29985690828336714,4168655.0,7458561.491097194,1.5339578E7,4265.0,1335042.0,667521.0,458505.0074841059,991733.0,343309.0,1.5343843E7,1.5343843E7,0.0,1.5343843E7,1.5343843E7,0,0,0,0,100,60,0.17991414497002028,0.11994276331334687,0.0,0.0,0.0,0.0,0.0,0,0,0,1,0,0,0,0,0.0,0.0,0.0,0.0,100,0,0,0,0,0,0,3,0,2,0,65535,14600,0,20,0,0,0,0,0,0,0,0,BENIGN
10.42.0.42-106.11.92.14-58179-443-6,10.42.0.42,58179,106.11.92.14,443,6,11/08/2017 10:10:52,15591645,2,2,0.0,0.0,0.0,0.0,0.0,0.0,0.0,0.0,0.0,0.0,0.0,0.25654765741523744,5197215.0,8740266.387473783,1.5288317E7,12015.0,303328.0,303328.0,0.0,303328.0,303328.0,1.5300332E7,1.5300332E7,0.0,1.5300332E7,1.5300332E7,0,0,0,0,60,60,0.12827382870761872,0.12827382870761872,0.0,0.0,0.0,0.0,0.0,0,0,0,1,0,0,0,0,1.0,0.0,0.0,0.0,60,0,0,0,0,0,0,2,0,2,0,65535,14600,0,20,0,0,0,0,0,0,0,0,BENIGN
174.35.73.84-10.42.0.42-80-59275-6,10.42.0.42,59275,174.35.73.84,80,6,11/08/2017 10:11:01,6849703,6,8,624.0,5834.0,624.0,0.0,104.0,254.74693324945054,1448.0,0.0,729.25,688.8640234887745,942.8146008666362,2.043884238484501,526900.2307692308,1869957.5662242603,6750391.0,6.0,99312.0,19862.4,18635.153321075733,40141.0,6.0,6826572.0,975224.5714285715,2552031.3369532945,6762474.0,21.0,0,0,0,0,200,264,0.8759503879219289,1.1679338505625718,0.0,1448.0,430.53333333333325,608.579830033669,370369.4095238095,0,0,0,1,0,0,0,0,1.0,461.2857142857143,104.0,729.25,200,0,0,0,0,0,0,6,624,8,5834,65535,674,1,32,0,0,0,0,0,0,0,0,BENIGN
10.42.0.42-104.193.88.109-39385-80-6,10.42.0.42,39385,104.193.88.109,80,6,11/08/2017 10:10:49,20179144,8,11,1183.0,10922.0,1183.0,0.0,147.875,418.2536610718429,1448.0,0.0,992.909090909091,667.0960132612777,599.8767836732817,0.9415662032046552,1121063.5555555557,4707789.823184552,1.9984551E7,3.0,194593.0,27799.0,46873.511453698455,102764.0,5.0,2.0091648E7,2009164.8000000003,6320754.637614524,1.9998157E7,3.0,0,0,0,0,264,360,0.39644892766511797,0.5451172755395373,0.0,1448.0,605.25,702.1643888345295,493034.8289473684,0,0,0,1,0,0,0,0,1.0,637.1052631578947,147.875,992.9090909090909,264,0,0,0,0,0,0,8,1183,11,10922,65535,4212,1,32,0,0,0,0,0,0,0,0,BENIGN
10.42.0.42-104.193.88.109-39386-80-6,10.42.0.42,39386,104.193.88.109,80,6,11/08/2017 10:10:49,20180870,16,18,1183.0,20438.0,1183.0,0.0,73.9375,295.75,1448.0,0.0,1135.4444444444443,602.6997323047865,1071.361145480844,1.6847638382289765,611541.5151515151,3460929.798572976,1.989009E7,3.0,290780.0,19385.333333333336,39157.97447093844,102170.0,5.0,2.0093465E7,1181968.5294117648,4823135.747951133,1.9898074E7,3.0,0,0,0,0,520,584,0.7928300415195183,0.891933796709458,0.0,1448.0,617.7428571428571,715.8845348426593,512490.6672268906,0,0,0,1,0,0,0,0,1.0,635.9117647058823,73.9375,1135.4444444444443,520,0,0,0,0,0,0,16,1183,18,20438,65535,4212,1,32,0,0,0,0,0,0,0,0,BENIGN
10.42.0.42-123.125.115.164-39548-443-6,10.42.0.42,39548,123.125.115.164,443,6,11/08/2017 10:10:55,14258862,12,12,2191.0,4508.0,778.0,0.0,182.58333333333334,312.0508287073913,1460.0,0.0,375.66666666666674,539.1770384464446,469.81308887062653,1.6831637756224864,619950.5217391304,1560853.9246610806,6650078.0,14.0,1.0224565E7,929505.9090909091,1935351.1171078729,6650078.0,89.0,1.3903462E7,1263951.0909090913,2255086.8570075724,7052301.0,14.0,0,0,0,0,260,260,0.8415818878112432,0.8415818878112432,0.0,1460.0,267.96,436.2455806843969,190310.20666666664,0,0,0,1,0,0,0,0,1.0,279.125,182.58333333333334,375.6666666666667,260,0,0,0,0,0,0,12,2191,12,4508,65535,624,4,20,1180259.0,0.0,1180259.0,1180259.0,6650078.0,0.0,6650078.0,6650078.0,BENIGN
203.130.53.126-10.42.0.42-80-39390-6,10.42.0.42,39390,203.130.53.126,80,6,11/08/2017 10:10:35,34914695,60,102,4113.0,131377.0,449.0,0.0,68.54999999999998,154.70545277605464,1460.0,0.0,1288.0098039215684,383.779910501985,3880.600990499845,4.6398801421579074,216861.4596273292,2377294.2558505954,2.9981927E7,1.0,4932768.0,83606.23728813561,464749.1906255251,3566375.0,3.0,3.4887002E7,345415.86138613865,3001749.22159847,2.9998032E7,1.0,0,0,0,0,1304,2052,1.718474126725151,2.9214060154327566,0.0,1460.0,831.2269938650306,672.0245191423909,451616.9543285617,0,0,0,1,0,0,0,0,1.0,836.358024691358,68.55,1288.0098039215686,1304,0,0,0,0,0,0,60,4113,102,131377,65535,99,10,20,0,0,0,0,0,0,0,0,BENIGN
219.142.78.162-10.42.0.42-443-50014-6,10.42.0.42,50014,219.142.78.162,443,6,11/08/2017 10:10:36,33333067,40,25,12319.0,16702.0,797.0,0.0,307.9750000000001,362.0265953893868,1460.0,0.0,668.0799999999999,523.5758397787279,870.6369563892815,1.9500155806244892,520829.171875,3109092.5908515677,2.4965319E7,20.0,8367715.0,214556.79487179487,202424.53561658083,1077340.0,197.0,3.3078912E7,1378288.0,5040730.308026666,2.4999722E7,20.0,0,0,0,0,844,512,1.2000095880766088,0.7500059925478805,0.0,1460.0,439.71212121212113,462.1348043474732,213568.57738927737,0,0,0,1,0,0,0,0,0.0,446.4769230769231,307.975,668.08,844,0,0,0,0,0,0,40,12319,25,16702,65535,316,18,20,8367715.0,0.0,8367715.0,8367715.0,2.4965319E7,0.0,2.4965319E7,2.4965319E7,BENIGN
219.142.78.162-10.42.0.42-443-50012-6,10.42.0.42,50012,219.142.78.162,443,6,11/08/2017 10:10:36,33334588,18,13,5003.0,6791.0,779.0,0.0,277.94444444444446,353.8898918527563,1460.0,0.0,522.3846153846155,534.185913089806,353.8066827164626,0.9299649961175462,1111152.9333333333,4559861.256482225,2.4965975E7,30.0,8368583.0,492269.5882352941,891957.268027949,3268650.0,40.0,3.308019E7,2756682.5,7096753.687351902,2.5000923E7,30.0,0,0,0,0,380,272,0.5399796751650269,0.38998532095251937,0.0,1460.0,368.5625,445.2091163240759,198211.15725806454,0,0,0,1,0,0,0,0,0.0,380.4516129032258,277.94444444444446,522.3846153846154,380,0,0,0,0,0,0,18,5003,13,6791,65535,201,8,20,8368583.0,0.0,8368583.0,8368583.0,2.4965975E7,0.0,2.4965975E7,2.4965975E7,BENIGN
219.142.78.162-10.42.0.42-443-50016-6,10.42.0.42,50016,219.142.78.162,443,6,11/08/2017 10:10:36,33333753,23,16,6508.0,10447.0,779.0,0.0,282.95652173913044,357.62086046803427,1460.0,0.0,652.9375,573.0698001407275,508.6435961771241,1.169985269885452,877204.0263157896,4052067.7912130742,2.4966443E7,4.0,8367279.0,380330.86363636365,703781.6789775144,3362590.0,1206.0,3.3080015E7,2205334.3333333335,6369739.679142578,2.5001248E7,4.0,0,0,0,0,492,332,0.6899913130093692,0.47999395687608293,0.0,1460.0,423.87500000000006,486.1067830088153,236299.80448717944,0,0,0,1,0,0,0,0,0.0,434.7435897435897,282.95652173913044,652.9375,492,0,0,0,0,0,0,23,6508,16,10447,65535,225,10,20,8367279.0,0.0,8367279.0,8367279.0,2.4966443E7,0.0,2.4966443E7,2.4966443E7,BENIGN
203.130.53.126-10.42.0.42-80-39394-6,10.42.0.42,39394,203.130.53.126,80,6,11/08/2017 10:10:35,34884852,77,146,5655.0,186523.0,428.0,0.0,73.44155844155844,156.93474117292507,1460.0,0.0,1277.5547945205474,357.82667795961305,5508.924045313421,6.39245939756316,157138.97297297296,2018288.756981013,2.9952224E7,1.0,4932628.0,64903.00000000001,332671.31893030193,2867618.0,5.0,3.4859308E7,240409.02068965515,2500842.2242136593,3.0001166E7,1.0,0,0,0,0,1620,2932,2.2072617650778623,4.1851976324852975,0.0,1460.0,857.9374999999999,650.1793789222977,422733.2247757847,0,0,0,1,0,0,0,0,1.0,861.7847533632287,73.44155844155844,1277.554794520548,1620,0,0,0,0,0,0,77,5655,146,186523,65535,116,14,20,0,0,0,0,0,0,0,0,BENIGN
219.142.78.162-10.42.0.42-443-50013-6,10.42.0.42,50013,219.142.78.162,443,6,11/08/2017 10:10:36,33337385,15,11,3252.0,5893.0,779.0,0.0,216.79999999999998,309.0384164746235,1460.0,0.0,535.7272727272727,575.705669749585,274.31665681036475,0.7799052025226334,1333495.4,5012553.606903829,2.4969E7,29.0,8368356.0,597739.7142857142,1211074.8730575235,4432819.0,79.0,3.308351E7,3308351.0,7767446.869738644,2.5000626E7,29.0,0,0,0,0,320,232,0.4499453091476731,0.3299598933749603,0.0,1460.0,338.7037037037036,456.410140689508,208310.2165242165,0,0,0,1,0,0,0,0,0.0,351.7307692307692,216.8,535.7272727272727,320,0,0,0,0,0,0,15,3252,11,5893,65535,174,6,20,8368356.0,0.0,8368356.0,8368356.0,2.4969E7,0.0,2.4969E7,2.4969E7,BENIGN
219.142.78.162-10.42.0.42-443-50015-6,10.42.0.42,50015,219.142.78.162,443,6,11/08/2017 10:10:36,33337811,17,13,4097.0,6876.0,779.0,0.0,241.0,330.21432434102553,1460.0,0.0,528.9230769230769,557.0344785167345,329.1457858465872,0.8998791192379128,1149579.6896551724,4660479.723607095,2.4970163E7,30.0,8367618.0,522976.12500000006,1115532.0022149596,4464592.0,42.0,3.3083051E7,2756920.9166666665,7135331.593036718,2.5000728E7,30.0,0,0,0,0,372,272,0.5099315009014839,0.3899476183364288,0.0,1460.0,353.96774193548384,454.90940371836444,206942.56559139787,0,0,0,1,0,0,0,0,0.0,365.76666666666665,241.0,528.9230769230769,372,0,0,0,0,0,0,17,4097,13,6876,65535,187,7,20,8367618.0,0.0,8367618.0,8367618.0,2.4970163E7,0.0,2.4970163E7,2.4970163E7,BENIGN
10.42.0.42-104.193.88.109-39389-80-6,10.42.0.42,39389,104.193.88.109,80,6,11/08/2017 10:10:50,20203992,28,42,906.0,54689.0,906.0,0.0,32.35714285714287,171.21790627317995,1448.0,0.0,1302.119047619048,414.4137323732873,2751.683924642219,3.4646618351462424,292811.47826086957,2382299.057470724,1.9794293E7,4.0,409699.0,15174.037037037033,29691.65126439194,91960.0,5.0,2.0116521E7,490646.8536585366,3091050.314799215,1.9799628E7,4.0,0,0,0,0,904,1352,1.385864734058497,2.0787971010877455,0.0,1448.0,783.0281690140844,712.5533758820355,507732.31348088535,0,0,0,1,0,0,0,0,1.0,794.2142857142857,32.357142857142854,1302.1190476190477,904,0,0,0,0,0,0,28,906,42,54689,65535,4073,1,32,0,0,0,0,0,0,0,0,BENIGN
10.42.0.42-104.193.88.109-39382-80-6,10.42.0.42,39382,104.193.88.109,80,6,11/08/2017 10:10:49,20758784,54,89,3270.0,119353.0,1184.0,0.0,60.55555555555552,253.93600937115224,1448.0,0.0,1341.0449438202245,360.2229079495703,5907.041568523475,6.888650125171109,146188.61971830987,1669465.7334874547,1.9898776E7,1.0,860008.0,16226.56603773584,31104.664524985652,104072.0,2.0,2.0671134E7,234899.24999999997,2120927.5774835977,1.9902949E7,1.0,0,0,0,0,1736,2856,2.601308438875803,4.2873416862953055,0.0,1448.0,851.5486111111113,703.0048476378048,494215.8158022532,0,0,0,1,0,0,0,0,1.0,857.5034965034965,60.55555555555556,1341.0449438202247,1736,0,0,0,0,0,0,54,3270,89,119353,65535,5396,3,32,0,0,0,0,0,0,0,0,BENIGN
10.42.0.42-104.193.88.109-39381-80-6,10.42.0.42,39381,104.193.88.109,80,6,11/08/2017 10:10:49,20826320,75,129,3271.0,172609.0,1184.0,0.0,43.61333333333332,216.6948840946477,1448.0,0.0,1338.0542635658912,332.5959520874559,8445.082952725206,9.79529748894668,102592.7093596059,1402646.036542638,1.9987289E7,2.0,839031.0,11338.256756756751,29859.059556826374,112149.0,2.0,2.0738408E7,162018.8125,1767110.7985782484,1.9996056E7,2.0,0,0,0,0,2408,4136,3.6012123121127497,6.19408517683393,0.0,1448.0,857.9512195121948,692.5392659363812,479610.63486370165,0,0,0,1,0,0,0,0,1.0,862.156862745098,43.61333333333334,1338.0542635658915,2408,0,0,0,0,0,0,75,3271,129,172609,65535,5396,3,32,0,0,0,0,0,0,0,0,BENIGN
219.142.78.162-10.42.0.42-443-50017-6,10.42.0.42,50017,219.142.78.162,443,6,11/08/2017 10:10:36,33600673,11,9,2075.0,3893.0,779.0,0.0,188.63636363636363,309.5768960136634,1460.0,0.0,432.5555555555556,561.9266213463977,177.61549002307186,0.5952261729995706,1768456.4736842106,5791326.692050817,2.4933255E7,32.0,8667386.0,866738.5999999997,1944586.0768161889,6362911.0,564.0,3.3346359E7,4168294.875,8712600.44170139,2.500108E7,32.0,0,0,0,0,252,192,0.3273743951497638,0.26785177784980674,0.0,1460.0,284.19047619047615,439.53277682644085,193189.06190476188,0,0,0,1,0,0,0,0,0.0,298.4,188.63636363636363,432.55555555555554,252,0,0,0,0,0,0,11,2075,9,3893,65535,156,4,20,1152237.5,667147.4698749145,1623982.0,680493.0,1.5648083E7,1.3131216171366915E7,2.4933255E7,6362911.0,BENIGN
10.42.0.42-104.193.88.109-39383-80-6,10.42.0.42,39383,104.193.88.109,80,6,11/08/2017 10:10:49,20968511,98,170,4173.0,230821.0,1183.0,0.0,42.58163265306121,209.38786204688347,1448.0,0.0,1357.770588235295,310.4508084306968,11206.995098507472,12.781069671566092,78533.7490636704,1216469.6223653972,1.9879517E7,2.0,1088994.0,11226.742268041235,28507.32544974126,109893.0,2.0,2.0881208E7,123557.44378698224,1529882.8136096376,1.9891366E7,2.0,0,0,0,0,3144,5448,4.673674730647303,8.107394940918791,0.0,1448.0,873.5836431226767,693.3417653740838,480722.8036120511,0,0,0,1,0,0,0,0,1.0,876.8432835820895,42.58163265306123,1357.770588235294,3144,0,0,0,0,0,0,98,4173,170,230821,65535,5986,4,32,0,0,0,0,0,0,0,0,BENIGN
10.42.0.42-36.51.254.232-45504-443-6,10.42.0.42,45504,36.51.254.232,443,6,11/08/2017 10:10:43,27195161,17,23,1459.0,23973.0,497.0,0.0,85.82352941176472,169.04076257448884,1460.0,0.0,1042.304347826087,614.3631169965297,935.1663702229966,1.4708499059814355,697311.8205128205,3949414.385347661,2.4721253E7,4.0,2473876.0,154617.25,147763.4223207264,368482.0,5.0,2.6950489E7,1225022.2272727273,5253562.043088152,2.472927E7,4.0,0,0,0,0,360,472,0.6251112100421101,0.8457386959393254,0.0,1460.0,620.2926829268292,672.6443430187471,452450.41219512187,0,0,0,1,0,0,0,0,1.0,635.8,85.82352941176471,1042.304347826087,360,0,0,0,0,0,0,17,1459,23,23973,65535,148,4,20,2473876.0,0.0,2473876.0,2473876.0,2.4721253E7,0.0,2.4721253E7,2.4721253E7,BENIGN
10.42.0.42-106.39.162.36-53852-80-6,10.42.0.42,53852,106.39.162.36,80,6,11/08/2017 10:11:04,6015930,2,0,0.0,0.0,0.0,0.0,0.0,0.0,0,0,0,0,0.0,0.3324506767864653,6015930.0,0.0,6015930.0,6015930.0,6015930.0,6015930.0,0.0,6015930.0,6015930.0,0,0,0,0,0,0,0,0,0,40,0,0.3324506767864653,0.0,0.0,0.0,0.0,0.0,0.0,0,0,0,0,1,1,0,0,0.0,0.0,0.0,0.0,40,0,0,0,0,0,0,2,0,0,0,1369,-1,0,20,0,0,0,0,0,0,0,0,BENIGN
10.42.0.42-104.193.88.109-39384-80-6,10.42.0.42,39384,104.193.88.109,80,6,11/08/2017 10:10:49,21519299,67,118,4808.0,156075.0,1182.0,0.0,71.76119402985076,256.4048107117502,1448.0,0.0,1322.6694915254238,372.65547561483936,7476.219369413474,8.596934314635435,116952.71195652174,1473630.0071587204,1.9992616E7,1.0,1526683.0,23131.56060606061,53871.18003309199,335145.0,5.0,2.1431704E7,183176.95726495728,1848325.74997298,1.9997365E7,1.0,0,0,0,0,2152,3784,3.1134843193544546,5.48344999528098,0.0,1448.0,864.9623655913977,690.5150084932069,476810.97695437353,0,0,0,1,0,0,0,0,1.0,869.6378378378379,71.76119402985074,1322.6694915254238,2152,0,0,0,0,0,0,67,4808,118,156075,65535,6162,5,32,0,0,0,0,0,0,0,0,BENIGN
203.130.53.126-10.42.0.42-80-39396-6,10.42.0.42,39396,203.130.53.126,80,6,11/08/2017 10:10:35,36041770,58,96,3629.0,121611.0,425.0,0.0,62.56896551724138,147.34207865633874,1460.0,0.0,1266.7812500000005,398.8097608245658,3474.8570894270733,4.272820119544629,235567.12418300653,2444426.462235694,2.9991885E7,2.0,6049885.0,106138.3333333333,544609.6601692726,4000758.0,2.0,3.6016957E7,379125.8631578948,3101513.2036948483,3.0001805E7,2.0,0,0,0,0,1240,1932,1.6092439411271977,2.6635761784174306,0.0,1460.0,808.0000000000006,671.4725337914899,450875.36363636365,0,0,0,1,0,0,0,0,1.0,813.2467532467532,62.56896551724138,1266.78125,1240,0,0,0,0,0,0,58,3629,96,121611,65535,95,9,20,0,0,0,0,0,0,0,0,BENIGN
10.42.0.42-104.193.88.109-39384-80-6,10.42.0.42,39384,104.193.88.109,80,6,11/08/2017 10:11:11,33598,1,1,0.0,0.0,0.0,0.0,0.0,0.0,0.0,0.0,0.0,0.0,0.0,59.52735281862015,33598.0,0.0,33598.0,33598.0,0,0,0,0,0,0,0,0,0,0,0,0,0,0,32,32,29.763676409310076,29.763676409310076,0.0,0.0,0.0,0.0,0.0,0,0,0,0,1,0,0,0,1.0,0.0,0.0,0.0,32,0,0,0,0,0,0,1,0,1,0,6347,6162,0,32,0,0,0,0,0,0,0,0,BENIGN
203.130.53.126-10.42.0.42-80-39511-6,10.42.0.42,39511,203.130.53.126,80,6,11/08/2017 10:10:42,30898722,22,29,1860.0,31037.0,672.0,0.0,84.54545454545452,218.21826715747727,1460.0,0.0,1070.2413793103449,573.8944437022502,1064.6718657166468,1.6505537025123564,617974.44,4224963.357952815,2.9885897E7,4.0,1012825.0,48229.761904761894,166839.301834701,764208.0,5.0,3.0873731E7,1102633.25,5644585.358257748,2.9894059E7,4.0,0,0,0,0,484,592,0.7120035579465067,0.9385501445658497,0.0,1460.0,632.6346153846155,668.3971764190416,446754.7854449473,0,0,0,1,0,0,0,0,1.0,645.0392156862745,84.54545454545455,1070.2413793103449,484,0,0,0,0,0,0,22,1860,29,31037,65535,73,3,20,0,0,0,0,0,0,0,0,BENIGN
10.42.0.42-115.239.210.141-60969-80-6,10.42.0.42,60969,115.239.210.141,80,6,11/08/2017 10:11:06,7945477,2,0,0.0,0.0,0.0,0.0,0.0,0.0,0,0,0,0,0.0,0.2517155357695957,7945477.0,0.0,7945477.0,7945477.0,7945477.0,7945477.0,0.0,7945477.0,7945477.0,0,0,0,0,0,0,0,0,0,40,0,0.2517155357695957,0.0,0.0,0.0,0.0,0.0,0.0,0,0,0,0,1,1,0,0,0.0,0.0,0.0,0.0,40,0,0,0,0,0,0,2,0,0,0,1369,-1,0,20,0,0,0,0,0,0,0,0,BENIGN
203.130.53.126-10.42.0.42-80-39526-6,10.42.0.42,39526,203.130.53.126,80,6,11/08/2017 10:10:43,32204240,51,68,1208.0,88058.0,615.0,0.0,23.68627450980392,118.42812000468105,1460.0,0.0,1294.9705882352948,388.37180103407957,2771.8710331310413,3.6951656055227513,272917.2881355932,2748645.464023493,2.9818539E7,4.0,2385701.0,47714.020000000004,267306.01537139836,1884785.0,5.0,3.2180038E7,480299.0746268657,3650634.2876719646,2.9855232E7,4.0,0,0,0,0,1076,1384,1.5836424023668934,2.111523203155858,0.0,1460.0,743.8833333333334,700.9279105973322,491299.9358543417,0,0,0,1,0,0,0,0,1.0,750.1344537815127,23.686274509803923,1294.9705882352941,1076,0,0,0,0,0,0,51,1208,68,88058,65535,67,2,20,0,0,0,0,0,0,0,0,BENIGN
172.217.10.78-10.42.0.42-443-42611-6,10.42.0.42,42611,172.217.10.78,443,6,11/08/2017 10:08:42,259822,7,10,1659.0,5192.0,1208.0,0.0,237.0,441.27202494606433,1418.0,0.0,519.2,621.1952278560349,26368.05197404377,65.42940936487288,16238.875,21057.448673806615,72228.0,15.0,259822.0,43303.66666666667,36913.149687701625,111306.0,10229.0,186991.0,20776.777777777777,31498.591812880215,80882.0,15.0,0,0,0,0,232,328,26.941521503182948,38.48788786168993,0.0,1418.0,380.6111111111111,548.9337406590953,301328.2516339869,0,0,0,1,0,0,0,0,1.0,403.0,237.0,519.2,232,0,0,0,0,0,0,7,1659,10,5192,65535,185,3,32,0,0,0,0,0,0,0,0,BENIGN
172.217.10.78-10.42.0.42-443-42611-6,10.42.0.42,42611,172.217.10.78,443,6,11/08/2017 10:11:15,36384,1,1,23.0,0.0,23.0,23.0,23.0,0.0,0.0,0.0,0.0,0.0,632.145998240985,54.96921723834652,36384.0,0.0,36384.0,36384.0,0,0,0,0,0,0,0,0,0,0,1,0,0,0,32,32,27.48460861917326,27.48460861917326,0.0,23.0,15.333333333333332,13.279056191361393,176.33333333333334,0,1,0,0,1,0,0,0,1.0,23.0,23.0,0.0,32,0,0,0,0,0,0,1,23,1,0,1594,185,0,32,0,0,0,0,0,0,0,0,BENIGN
174.35.73.84-10.42.0.42-443-57641-6,10.42.0.42,57641,174.35.73.84,443,6,11/08/2017 10:10:45,30549469,18,23,962.0,24356.0,631.0,0.0,53.44444444444442,154.28172177287436,1448.0,0.0,1058.9565217391303,596.2705668845363,828.7541757272443,1.3420855203735294,763736.725,4720191.756722667,2.9869398E7,3.0,680041.0,40002.41176470589,69146.10062582961,260133.0,5.0,3.0526125E7,1387551.1363636362,6363032.333140651,2.9874445E7,3.0,0,0,0,0,608,744,0.5892082772371592,0.7528772431363701,0.0,1448.0,602.809523809524,677.2959953173638,458729.8652729385,0,0,0,1,0,0,0,0,1.0,617.5121951219512,53.44444444444444,1058.9565217391305,608,0,0,0,0,0,0,18,962,23,24356,65535,132,3,32,680041.0,0.0,680041.0,680041.0,2.9869398E7,0.0,2.9869398E7,2.9869398E7,BENIGN
174.35.73.84-10.42.0.42-443-57642-6,10.42.0.42,57642,174.35.73.84,443,6,11/08/2017 10:10:45,30589353,16,18,971.0,17126.0,640.0,0.0,60.687499999999986,165.0400835150863,1448.0,0.0,951.4444444444445,635.1416907433029,591.6110746114833,1.1114978469796337,926950.0909090909,5207197.902358789,2.9932505E7,4.0,656818.0,43787.86666666667,72165.58260582462,260137.0,5.0,3.0566307E7,1798018.0588235294,7256755.173467654,2.9956746E7,4.0,0,0,0,0,532,584,0.5230578103433571,0.5884400366362768,0.0,1448.0,517.0571428571429,647.6800200742349,419489.40840336133,0,0,0,1,0,0,0,0,1.0,532.2647058823529,60.6875,951.4444444444445,532,0,0,0,0,0,0,16,971,18,17126,65535,132,3,32,656818.0,0.0,656818.0,656818.0,2.9932505E7,0.0,2.9932505E7,2.9932505E7,BENIGN
203.130.53.126-10.42.0.42-80-39512-6,10.42.0.42,39512,203.130.53.126,80,6,11/08/2017 10:10:42,33696544,69,77,3801.0,96264.0,697.0,0.0,55.086956521739154,180.11260686274895,1460.0,0.0,1250.1818181818176,427.12569724147846,2969.5923712532654,4.33278854947261,232389.95862068963,2494311.100048635,2.9991271E7,3.0,3705273.0,54489.30882352943,247015.08024381511,1861315.0,5.0,3.3672117E7,443054.17105263163,3443877.3097115965,2.9998781E7,3.0,0,0,0,0,1448,1552,2.047687739134316,2.2851008103382946,0.0,1460.0,680.7142857142856,685.0274167096056,469262.56164383574,0,0,0,1,0,0,0,0,1.0,685.3767123287671,55.08695652173913,1250.1818181818182,1448,0,0,0,0,0,0,69,3801,77,96264,65535,90,6,20,0,0,0,0,0,0,0,0,BENIGN
10.42.0.42-115.239.210.141-56325-443-6,10.42.0.42,56325,115.239.210.141,443,6,11/08/2017 10:11:08,7700845,2,0,0.0,0.0,0.0,0.0,0.0,0.0,0,0,0,0,0.0,0.25971175890438,7700845.0,0.0,7700845.0,7700845.0,7700845.0,7700845.0,0.0,7700845.0,7700845.0,0,0,0,0,0,0,0,0,0,40,0,0.25971175890438,0.0,0.0,0.0,0.0,0.0,0.0,0,0,0,0,1,1,0,0,0.0,0.0,0.0,0.0,40,0,0,0,0,0,0,2,0,0,0,1369,-1,0,20,0,0,0,0,0,0,0,0,BENIGN
216.58.217.132-10.42.0.42-443-42757-6,10.42.0.42,42757,216.58.217.132,443,6,11/08/2017 10:10:45,31669240,7,11,590.0,9975.0,541.0,0.0,84.28571428571429,201.72482435710475,1418.0,0.0,906.8181818181818,652.1780152967161,333.6044691947139,0.5683748646952058,1862896.4705882352,7612217.127297302,3.14025E7,21.0,3.1626743E7,5271123.833333333,1.2801801186520707E7,3.14025E7,46.0,3.1587114E7,3158711.3999999994,9950649.809790695,3.1478653E7,21.0,1,0,0,0,224,352,0.22103466960369117,0.3473401950915147,0.0,1418.0,584.5263157894736,640.9060746250016,410760.5964912281,0,1,0,0,1,0,0,0,1.0,617.0,84.28571428571429,906.8181818181819,224,0,0,0,0,0,0,7,590,11,9975,1727,184,2,32,224243.0,0.0,224243.0,224243.0,3.14025E7,0.0,3.14025E7,3.14025E7,BENIGN
10.42.0.42-123.125.29.138-52584-443-6,10.42.0.42,52584,123.125.29.138,443,6,11/08/2017 10:10:50,26605986,11,11,1248.0,8722.0,723.0,0.0,113.45454545454545,229.15294614574069,1460.0,0.0,792.909090909091,671.0818809274252,374.72770225467303,0.8268815897294691,1266951.7142857143,5438691.351628764,2.4996726E7,15.0,1609260.0,160926.0,165579.96612513243,432667.0,1282.0,2.6294029E7,2629402.9,7862055.756364255,2.5000279E7,15.0,0,0,0,0,264,232,0.41344079486473456,0.41344079486473456,0.0,1460.0,433.47826086956525,594.0686270094036,352917.53359683795,0,0,0,1,0,0,0,0,1.0,453.1818181818182,113.45454545454545,792.9090909090909,264,0,0,0,0,0,0,11,1248,11,8722,65535,143,3,20,0,0,0,0,0,0,0,0,BENIGN
174.35.73.84-10.42.0.42-443-57640-6,10.42.0.42,57640,174.35.73.84,443,6,11/08/2017 10:10:45,31501171,14,18,936.0,17159.0,605.0,0.0,66.85714285714286,166.72125845847617,1448.0,0.0,953.2777777777778,631.866125578508,574.423090494001,1.0158352526006096,1016166.8064516129,5536466.025168747,3.0846445E7,6.0,654377.0,50336.69230769231,77335.64914857034,260154.0,6.0,3.1477983E7,1851646.0588235294,7476630.554388216,3.0863483E7,13.0,0,0,0,0,468,584,0.44442792301276673,0.5714073295878429,0.0,1448.0,548.3333333333336,653.0328124732071,426451.85416666674,0,0,0,1,0,0,0,0,1.0,565.46875,66.85714285714286,953.2777777777778,468,0,0,0,0,0,0,14,936,18,17159,65535,131,3,32,654377.0,0.0,654377.0,654377.0,3.0846445E7,0.0,3.0846445E7,3.0846445E7,BENIGN
174.35.73.84-10.42.0.42-443-57639-6,10.42.0.42,57639,174.35.73.84,443,6,11/08/2017 10:10:45,31505453,35,59,972.0,75043.0,641.0,0.0,27.771428571428572,113.99021777283856,1448.0,0.0,1271.9152542372883,436.2101394944633,2412.7569281419314,2.983610488000284,338768.311827957,3190581.818802523,3.0775588E7,3.0,729837.0,21465.794117647052,51909.8699185071,260755.0,5.0,3.1482426E7,542800.4482758621,4040814.5065344046,3.0783904E7,3.0,0,0,0,0,1152,1896,1.1109187987235098,1.8726916892767738,0.0,1448.0,800.1578947368417,700.5265089185764,490737.3896976483,0,0,0,1,0,0,0,0,1.0,808.6702127659574,27.771428571428572,1271.915254237288,1152,0,0,0,0,0,0,35,972,59,75043,65535,132,3,32,729837.0,0.0,729837.0,729837.0,3.0775588E7,0.0,3.0775588E7,3.0775588E7,BENIGN
10.42.0.42-106.39.162.36-53849-80-6,10.42.0.42,53849,106.39.162.36,80,6,11/08/2017 10:10:48,30497473,5,5,1209.0,458.0,1209.0,0.0,241.8,540.6812369594492,229.0,0.0,91.6,125.42846566868303,54.66026644240328,0.32789601945052954,3388608.111111111,9903128.82583235,2.9795346E7,2258.0,702127.0,175531.75,115590.88524151318,252520.0,5554.0,3.0256018E7,7564004.5,1.4823501024587601E7,2.9798673E7,3521.0,0,0,0,0,132,120,0.16394800972526477,0.16394800972526477,0.0,1209.0,151.54545454545456,362.48265162249174,131393.6727272727,0,0,0,1,0,0,0,0,1.0,166.7,241.8,91.6,132,0,0,0,0,0,0,5,1209,5,458,65535,532,1,20,0,0,0,0,0,0,0,0,BENIGN
10.42.0.42-106.39.162.36-53848-80-6,10.42.0.42,53848,106.39.162.36,80,6,11/08/2017 10:10:48,30520922,6,5,1485.0,458.0,1452.0,0.0,247.5,590.229701048668,229.0,0.0,91.6,125.42846566868303,63.66124850356749,0.3604085092842215,3052092.2,9395200.952036262,2.9789453E7,317.0,731469.0,146293.8,135404.17280756158,269943.0,317.0,3.026651E7,7566627.5,1.4821698397010477E7,2.9798571E7,5262.0,0,0,0,0,152,120,0.19658645960957535,0.16382204967464614,0.0,1452.0,161.91666666666666,415.5687140060066,172697.35606060608,0,0,0,1,0,0,0,0,0.0,176.63636363636363,247.5,91.6,152,0,0,0,0,0,0,6,1485,5,458,65535,548,2,20,0,0,0,0,0,0,0,0,BENIGN
10.42.0.42-106.39.162.36-53851-80-6,10.42.0.42,53851,106.39.162.36,80,6,11/08/2017 10:10:48,30519875,6,5,1487.0,458.0,1452.0,0.0,247.83333333333331,590.0848808999148,229.0,0.0,91.6,125.42846566868303,63.72896350329089,0.36042087328339323,3051987.5,9395595.770655386,2.9790478E7,316.0,729397.0,145879.4,134324.2732282591,267711.0,316.0,3.0265537E7,7566384.25,1.482223038720267E7,2.9799119E7,4082.0,0,0,0,0,152,120,0.19659320360912358,0.16382766967426965,0.0,1452.0,162.08333333333331,415.51270811620265,172650.8106060606,0,0,0,1,0,0,0,0,0.0,176.8181818181818,247.83333333333334,91.6,152,0,0,0,0,0,0,6,1487,5,458,65535,548,2,20,0,0,0,0,0,0,0,0,BENIGN
10.42.0.42-106.39.162.36-53849-80-6,10.42.0.42,53849,106.39.162.36,80,6,11/08/2017 10:11:19,237221,1,1,0.0,0.0,0.0,0.0,0.0,0.0,0.0,0.0,0.0,0.0,0.0,8.430956787130988,237221.0,0.0,237221.0,237221.0,0,0,0,0,0,0,0,0,0,0,0,0,0,0,20,20,4.215478393565494,4.215478393565494,0.0,0.0,0.0,0.0,0.0,0,0,0,0,1,0,0,0,1.0,0.0,0.0,0.0,20,0,0,0,0,0,0,1,0,1,0,1386,532,0,20,0,0,0,0,0,0,0,0,BENIGN
10.42.0.42-66.231.239.96-59264-80-6,10.42.0.42,59264,66.231.239.96,80,6,11/08/2017 10:10:54,30151026,2,2,0.0,0.0,0.0,0.0,0.0,0.0,0.0,0.0,0.0,0.0,0.0,0.1326654688301486,1.0050342E7,1.7341447701326467E7,3.0074478E7,2337.0,76548.0,76548.0,0.0,76548.0,76548.0,3.0076815E7,3.0076815E7,0.0,3.0076815E7,3.0076815E7,0,0,0,0,60,52,0.0663327344150743,0.0663327344150743,0.0,0.0,0.0,0.0,0.0,0,0,0,1,0,0,0,0,1.0,0.0,0.0,0.0,60,0,0,0,0,0,0,2,0,2,0,65535,29,0,20,0,0,0,0,0,0,0,0,BENIGN
10.42.0.42-66.231.239.96-36348-443-6,10.42.0.42,36348,66.231.239.96,443,6,11/08/2017 10:10:55,30109662,7,8,328.0,3332.0,202.0,0.0,46.857142857142854,82.97676094632072,1460.0,0.0,416.5,649.6447380794257,121.55566542062147,0.4981789566418912,2150690.1428571427,7977297.468384822,2.9866881E7,4.0,242747.0,40457.83333333333,40298.77887190463,88953.0,443.0,3.0056565E7,4293795.0,1.1292477581026731E7,2.9902596E7,4.0,0,0,0,0,160,172,0.23248351309954923,0.265695443542342,0.0,1460.0,228.74999999999994,487.2713822912238,237433.4,0,0,0,1,0,0,0,0,1.0,244.0,46.857142857142854,416.5,160,0,0,0,0,0,0,7,328,8,3332,65535,31,2,20,242747.0,0.0,242747.0,242747.0,2.9866881E7,0.0,2.9866881E7,2.9866881E7,BENIGN
10.42.0.42-66.231.239.96-36349-443-6,10.42.0.42,36349,66.231.239.96,443,6,11/08/2017 10:10:55,30148912,6,8,328.0,3332.0,202.0,0.0,54.666666666666664,88.03332702259222,1460.0,0.0,416.5,649.6447380794257,121.39741560159783,0.46436169902250535,2319147.0769230765,8276268.039651732,2.9864056E7,15.0,284825.0,56965.0,48907.67402463544,112925.0,3303.0,3.0077542E7,4296791.714285714,1.1292138450788505E7,2.9904793E7,15.0,0,0,0,0,140,172,0.19901215672393088,0.2653495422985745,0.0,1460.0,243.99999999999997,500.40597803897475,250406.14285714287,0,0,0,1,0,0,0,0,1.0,261.42857142857144,54.666666666666664,416.5,140,0,0,0,0,0,0,6,328,8,3332,65535,31,2,20,284825.0,0.0,284825.0,284825.0,2.9864056E7,0.0,2.9864056E7,2.9864056E7,BENIGN
10.42.0.42-66.231.239.96-36351-443-6,10.42.0.42,36351,66.231.239.96,443,6,11/08/2017 10:10:55,30149369,6,8,328.0,3332.0,202.0,0.0,54.666666666666664,88.03332702259222,1460.0,0.0,416.5,649.6447380794257,121.39557547622307,0.46435466029156364,2319182.230769231,8271458.734260653,2.9848077E7,14.0,301261.0,60252.2,52235.49546716294,112104.0,3312.0,3.0075927E7,4296561.0,1.1284180859511247E7,2.9886476E7,14.0,0,0,0,0,140,172,0.19900914012495585,0.2653455201666078,0.0,1460.0,243.99999999999997,500.40597803897475,250406.14285714287,0,0,0,1,0,0,0,0,1.0,261.42857142857144,54.666666666666664,416.5,140,0,0,0,0,0,0,6,328,8,3332,65535,31,2,20,301261.0,0.0,301261.0,301261.0,2.9848077E7,0.0,2.9848077E7,2.9848077E7,BENIGN
10.42.0.42-66.231.239.96-36352-443-6,10.42.0.42,36352,66.231.239.96,443,6,11/08/2017 10:10:55,30147032,8,8,328.0,3332.0,202.0,0.0,41.0,78.587530817554,1460.0,0.0,416.5,649.6447380794257,121.40498606960712,0.5307321795392661,2009802.1333333335,7704575.653593101,2.9859988E7,5.0,287014.0,41002.0,46491.89294203166,107548.0,8.0,3.0074581E7,4296368.714285715,1.128791239041601E7,2.9894766E7,5.0,0,0,0,0,180,172,0.26536608976963305,0.26536608976963305,0.0,1460.0,215.2941176470588,475.0493085862091,225671.84558823533,0,0,0,1,0,0,0,0,1.0,228.75,41.0,416.5,180,0,0,0,0,0,0,8,328,8,3332,65535,31,2,20,287014.0,0.0,287014.0,287014.0,2.9859988E7,0.0,2.9859988E7,2.9859988E7,BENIGN
10.42.0.42-66.231.239.96-36353-443-6,10.42.0.42,36353,66.231.239.96,443,6,11/08/2017 10:10:55,30158596,7,8,328.0,3332.0,202.0,0.0,46.857142857142854,82.97676094632072,1460.0,0.0,416.5,649.6447380794257,121.35843459025746,0.4973706335666289,2154185.4285714286,7969553.12038996,2.9843348E7,14.0,315216.0,52536.0,56569.9736291259,120008.0,356.0,3.0080567E7,4297223.857142857,1.1283222681690833E7,2.9884951E7,14.0,0,0,0,0,160,172,0.23210629566442684,0.2652643379022021,0.0,1460.0,228.74999999999994,487.2713822912238,237433.4,0,0,0,1,0,0,0,0,1.0,244.0,46.857142857142854,416.5,160,0,0,0,0,0,0,7,328,8,3332,65535,31,2,20,315216.0,0.0,315216.0,315216.0,2.9843348E7,0.0,2.9843348E7,2.9843348E7,BENIGN
10.42.0.42-66.231.239.96-36348-443-6,10.42.0.42,36348,66.231.239.96,443,6,11/08/2017 10:11:25,19227,1,1,0.0,0.0,0.0,0.0,0.0,0.0,0.0,0.0,0.0,0.0,0.0,104.02038799604722,19227.0,0.0,19227.0,19227.0,0,0,0,0,0,0,0,0,0,0,0,0,0,0,20,20,52.01019399802361,52.01019399802361,0.0,0.0,0.0,0.0,0.0,0,0,0,0,1,0,0,0,1.0,0.0,0.0,0.0,20,0,0,0,0,0,0,1,0,1,0,1552,31,0,20,0,0,0,0,0,0,0,0,BENIGN
10.42.0.42-66.231.239.96-36349-443-6,10.42.0.42,36349,66.231.239.96,443,6,11/08/2017 10:11:25,58078,2,1,0.0,0.0,0.0,0.0,0.0,0.0,0.0,0.0,0.0,0.0,0.0,51.65467130410827,29039.0,5990.608650212431,33275.0,24803.0,33275.0,33275.0,0.0,33275.0,33275.0,0,0,0,0,0,0,0,0,0,40,20,34.43644753607218,17.21822376803609,0.0,0.0,0.0,0.0,0.0,0,0,0,0,1,0,0,0,0.0,0.0,0.0,0.0,40,0,0,0,0,0,0,2,0,1,0,1552,31,0,20,0,0,0,0,0,0,0,0,BENIGN
10.42.0.42-66.231.239.96-36351-443-6,10.42.0.42,36351,66.231.239.96,443,6,11/08/2017 10:11:25,59888,2,1,0.0,0.0,0.0,0.0,0.0,0.0,0.0,0.0,0.0,0.0,0.0,50.09350788137858,29944.0,4756.000210260719,33307.0,26581.0,33307.0,33307.0,0.0,33307.0,33307.0,0,0,0,0,0,0,0,0,0,40,20,33.39567192091905,16.697835960459525,0.0,0.0,0.0,0.0,0.0,0,0,0,0,1,0,0,0,0.0,0.0,0.0,0.0,40,0,0,0,0,0,0,2,0,1,0,1552,31,0,20,0,0,0,0,0,0,0,0,BENIGN
10.42.0.42-66.231.239.96-36352-443-6,10.42.0.42,36352,66.231.239.96,443,6,11/08/2017 10:11:25,61679,2,1,0.0,0.0,0.0,0.0,0.0,0.0,0.0,0.0,0.0,0.0,0.0,48.63892086447576,30839.5,3273.1972901125287,33154.0,28525.0,33154.0,33154.0,0.0,33154.0,33154.0,0,0,0,0,0,0,0,0,0,40,20,32.42594724298384,16.21297362149192,0.0,0.0,0.0,0.0,0.0,0,0,0,0,1,0,0,0,0.0,0.0,0.0,0.0,40,0,0,0,0,0,0,2,0,1,0,1552,31,0,20,0,0,0,0,0,0,0,0,BENIGN
10.42.0.42-66.231.239.96-36353-443-6,10.42.0.42,36353,66.231.239.96,443,6,11/08/2017 10:11:25,75003,2,1,0.0,0.0,0.0,0.0,0.0,0.0,0.0,0.0,0.0,0.0,0.0,39.99840006399744,37501.5,6158.192957353643,41856.0,33147.0,33147.0,33147.0,0.0,33147.0,33147.0,0,0,0,0,0,0,0,0,0,40,20,26.66560004266496,13.33280002133248,0.0,0.0,0.0,0.0,0.0,0,0,0,0,1,0,0,0,0.0,0.0,0.0,0.0,40,0,0,0,0,0,0,2,0,1,0,1552,31,0,20,0,0,0,0,0,0,0,0,BENIGN
10.42.0.42-23.9.110.190-40124-80-6,10.42.0.42,40124,23.9.110.190,80,6,11/08/2017 10:10:54,34081051,3,4,0.0,414.0,0.0,0.0,0.0,0.0,414.0,0.0,103.5,207.0,12.147512704347058,0.20539272688509516,5680175.166666666,8989142.763375413,2.0021895E7,32.0,1.4059124E7,7029562.0,9904259.4221033,1.4032931E7,26193.0,3.4058753E7,1.1352917666666668E7,1.0279197011030888E7,2.0028674E7,32.0,0,0,0,0,116,144,0.0880254543793265,0.11736727250576867,0.0,414.0,51.75,146.37110370561535,21424.500000000004,0,0,0,1,0,0,0,0,1.0,59.142857142857146,0.0,103.5,116,0,0,0,0,0,0,3,0,4,414,65535,905,0,32,16486.0,13727.771049955634,26193.0,6779.0,1.70240235E7,4239630.533551774,2.0021895E7,1.4026152E7,BENIGN
10.42.0.42-106.39.162.36-53850-80-6,10.42.0.42,53850,106.39.162.36,80,6,11/08/2017 10:10:48,42871677,11,7,7262.0,687.0,1211.0,0.0,660.1818181818182,632.0763906652135,229.0,0.0,98.14285714285714,122.40564879589037,185.41378728898337,0.4198576136874702,2521863.3529411764,7262499.855675755,2.9996536E7,2235.0,1.2875141E7,1287514.1,1990689.1823600773,6253485.0,3069.0,4.261747E7,7102911.666666666,1.2063728061548647E7,3.0000046E7,5342.0,0,0,0,0,252,160,0.2565796528090096,0.16327796087846064,0.0,1211.0,418.3684210526315,558.8260721793216,312286.5789473684,0,0,0,1,0,0,0,0,0.0,441.6111111111111,660.1818181818181,98.14285714285714,252,0,0,0,0,0,0,11,7262,7,687,65535,608,6,20,6363510.0,0.0,6363510.0,6363510.0,6253485.0,0.0,6253485.0,6253485.0,BENIGN
10.42.0.42-106.39.162.36-53850-80-6,10.42.0.42,53850,106.39.162.36,80,6,11/08/2017 10:11:31,243262,1,1,0.0,0.0,0.0,0.0,0.0,0.0,0.0,0.0,0.0,0.0,0.0,8.221588246417443,243262.0,0.0,243262.0,243262.0,0,0,0,0,0,0,0,0,0,0,0,0,0,0,20,20,4.110794123208722,4.110794123208722,0.0,0.0,0.0,0.0,0.0,0,0,0,0,1,0,0,0,1.0,0.0,0.0,0.0,20,0,0,0,0,0,0,1,0,1,0,1403,608,0,20,0,0,0,0,0,0,0,0,BENIGN
10.42.0.42-113.108.216.233-50692-80-6,10.42.0.42,50692,113.108.216.233,80,6,11/08/2017 10:10:35,65555090,4,4,387.0,915.0,387.0,0.0,96.75,193.5,915.0,0.0,228.75,457.5,19.8611579970373,0.12203476495875452,9365012.857142856,2.453146650220702E7,6.4996615E7,676.0,558475.0,186158.33333333334,157930.86660413578,305886.0,7168.0,6.5312999E7,2.1770999666666668E7,3.743702055359989E7,6.4999171E7,676.0,0,0,0,0,100,92,0.06101738247937726,0.06101738247937726,0.0,915.0,144.66666666666666,315.95846245986195,99829.75,0,0,0,1,0,0,0,0,1.0,162.75,96.75,228.75,100,0,0,0,0,0,0,4,387,4,915,65535,123,1,20,0,0,0,0,0,0,0,0,BENIGN
10.42.0.42-106.39.162.36-53852-80-6,10.42.0.42,53852,106.39.162.36,80,6,11/08/2017 10:11:22,24084845,2,0,0.0,0.0,0.0,0.0,0.0,0.0,0,0,0,0,0.0,0.08303977044485858,2.4084845E7,0.0,2.4084845E7,2.4084845E7,2.4084845E7,2.4084845E7,0.0,2.4084845E7,2.4084845E7,0,0,0,0,0,0,0,0,0,40,0,0.08303977044485858,0.0,0.0,0.0,0.0,0.0,0.0,0,0,0,0,1,1,0,0,0.0,0.0,0.0,0.0,40,0,0,0,0,0,0,2,0,0,0,1369,-1,0,20,0,0,0,0,0,0,0,0,BENIGN
180.149.153.234-10.42.0.42-80-34751-6,10.42.0.42,34751,180.149.153.234,80,6,11/08/2017 10:10:51,60506113,2,2,0.0,0.0,0.0,0.0,0.0,0.0,0.0,0.0,0.0,0.0,0.0,0.06610902273626468,2.0168704333333332E7,3.471326434572721E7,6.025187E7,2245.0,254243.0,254243.0,0.0,254243.0,254243.0,6.0254115E7,6.0254115E7,0.0,6.0254115E7,6.0254115E7,0,0,0,0,60,52,0.03305451136813234,0.03305451136813234,0.0,0.0,0.0,0.0,0.0,0,0,0,1,0,0,0,0,1.0,0.0,0.0,0.0,60,0,0,0,0,0,0,2,0,2,0,65535,115,0,20,0,0,0,0,0,0,0,0,BENIGN
180.149.153.68-10.42.0.42-80-44938-6,10.42.0.42,44938,180.149.153.68,80,6,11/08/2017 10:10:52,60490144,2,2,0.0,0.0,0.0,0.0,0.0,0.0,0.0,0.0,0.0,0.0,0.0,0.06612647508327968,2.0163381333333332E7,3.471068755988716E7,6.024359E7,2920.0,246554.0,246554.0,0.0,246554.0,246554.0,6.024651E7,6.024651E7,0.0,6.024651E7,6.024651E7,0,0,0,0,72,72,0.03306323754163984,0.03306323754163984,0.0,0.0,0.0,0.0,0.0,0,0,0,1,0,0,0,0,1.0,0.0,0.0,0.0,72,0,0,0,0,0,0,2,0,2,0,65535,114,0,32,0,0,0,0,0,0,0,0,BENIGN
10.42.0.42-119.146.74.49-53855-443-6,10.42.0.42,53855,119.146.74.49,443,6,11/08/2017 10:10:52,60508250,9,8,670.0,183.0,517.0,0.0,74.44444444444446,167.7849152271377,152.0,0.0,22.875,53.29014248164745,14.09725120128247,0.28095342370668464,3781765.6249999995,1.2040549887217613E7,4.8157716E7,32.0,1.2097298E7,1512162.25,3069305.690120289,9002863.0,14926.0,6.0255402E7,8607914.571428573,1.776339776256505E7,4.8157716E7,32.0,0,0,0,0,224,208,0.1487400478447154,0.13221337586196924,0.0,517.0,47.38888888888889,123.36799989743213,15219.663398692812,0,0,0,1,0,0,0,0,0.0,50.1764705882353,74.44444444444444,22.875,224,0,0,0,0,0,0,9,670,8,183,65535,4380,4,20,1673819.5,1686938.2839157158,2866665.0,480974.0,2.85802895E7,2.7686662072662435E7,4.8157716E7,9002863.0,BENIGN
222.73.28.96-10.42.0.42-80-41752-6,10.42.0.42,41752,222.73.28.96,80,6,11/08/2017 10:10:52,60700558,2,2,0.0,0.0,0.0,0.0,0.0,0.0,0.0,0.0,0.0,0.0,0.0,0.06589725254255488,2.0233519333333332E7,3.473788744116257E7,6.0344863E7,2047.0,355695.0,355695.0,0.0,355695.0,355695.0,6.034691E7,6.034691E7,0.0,6.034691E7,6.034691E7,0,0,0,0,60,52,0.03294862627127744,0.03294862627127744,0.0,0.0,0.0,0.0,0.0,0,0,0,1,0,0,0,0,1.0,0.0,0.0,0.0,60,0,0,0,0,0,0,2,0,2,0,65535,58,0,20,0,0,0,0,0,0,0,0,BENIGN
222.73.28.96-10.42.0.42-80-41753-6,10.42.0.42,41753,222.73.28.96,80,6,11/08/2017 10:10:52,60701066,2,2,0.0,0.0,0.0,0.0,0.0,0.0,0.0,0.0,0.0,0.0,0.0,0.06589670105628788,2.0233688666666668E7,3.473602457209858E7,6.0342903E7,7043.0,358163.0,358163.0,0.0,358163.0,358163.0,6.0349946E7,6.0349946E7,0.0,6.0349946E7,6.0349946E7,0,0,0,0,60,52,0.03294835052814394,0.03294835052814394,0.0,0.0,0.0,0.0,0.0,0,0,0,1,0,0,0,0,1.0,0.0,0.0,0.0,60,0,0,0,0,0,0,2,0,2,0,65535,58,0,20,0,0,0,0,0,0,0,0,BENIGN
10.42.0.42-119.146.74.49-53852-443-6,10.42.0.42,53852,119.146.74.49,443,6,11/08/2017 10:10:52,60817915,29,36,724.0,34102.0,391.0,0.0,24.965517241379313,83.13735740955649,1340.0,0.0,947.2777777777777,602.5588583514292,572.6273253530642,1.0687640311247106,950279.921875,7472774.475625469,5.9797305E7,4.0,1020444.0,36444.42857142858,68064.94976201642,242484.0,6.0,6.0577282E7,1730779.4857142856,1.0104416013161E7,5.9800483E7,4.0,0,0,0,0,636,744,0.47683318311717854,0.591930848007532,0.0,1340.0,527.6666666666666,642.6729598585375,413028.5333333333,0,0,0,1,0,0,0,0,1.0,535.7846153846153,24.96551724137931,947.2777777777778,636,0,0,0,0,0,0,29,724,36,34102,65535,4380,3,20,1020444.0,0.0,1020444.0,1020444.0,5.9797305E7,0.0,5.9797305E7,5.9797305E7,BENIGN
222.73.28.96-10.42.0.42-80-41761-6,10.42.0.42,41761,222.73.28.96,80,6,11/08/2017 10:10:52,60684291,2,2,0.0,0.0,0.0,0.0,0.0,0.0,0.0,0.0,0.0,0.0,0.0,0.06591491692635908,2.0228097E7,3.473897507533422E7,6.0340735E7,2681.0,343556.0,343556.0,0.0,343556.0,343556.0,6.0343416E7,6.0343416E7,0.0,6.0343416E7,6.0343416E7,0,0,0,0,60,52,0.03295745846317954,0.03295745846317954,0.0,0.0,0.0,0.0,0.0,0,0,0,1,0,0,0,0,1.0,0.0,0.0,0.0,60,0,0,0,0,0,0,2,0,2,0,65535,58,0,20,0,0,0,0,0,0,0,0,BENIGN
10.42.0.42-119.146.74.49-53854-443-6,10.42.0.42,53854,119.146.74.49,443,6,11/08/2017 10:10:52,61083441,15,17,1115.0,7553.0,391.0,0.0,74.33333333333334,141.82618470038128,1340.0,0.0,444.2941176470589,597.8328324776377,141.90425192320126,0.5238735650141255,1970433.5806451612,1.0762040879230175E7,5.9956766E7,11.0,1126643.0,80474.5,97193.55982364422,254675.0,420.0,6.0834923E7,3802182.6875,1.4986198502712438E7,5.9999412E7,11.0,0,0,0,0,344,376,0.24556573360037134,0.2783078314137542,0.0,1340.0,262.6666666666667,473.0853296887007,223809.72916666666,0,0,0,1,0,0,0,0,1.0,270.875,74.33333333333333,444.29411764705884,344,0,0,0,0,0,0,15,1115,17,7553,65535,4380,4,20,1126643.0,0.0,1126643.0,1126643.0,5.9956766E7,0.0,5.9956766E7,5.9956766E7,BENIGN
10.42.0.42-106.11.129.143-58727-80-6,10.42.0.42,58727,106.11.129.143,80,6,11/08/2017 10:10:53,60491847,2,2,0.0,0.0,0.0,0.0,0.0,0.0,0.0,0.0,0.0,0.0,0.0,0.06612461345410729,2.0163949E7,3.471120744517216E7,6.0244754E7,2199.0,247093.0,247093.0,0.0,247093.0,247093.0,6.0246953E7,6.0246953E7,0.0,6.0246953E7,6.0246953E7,0,0,0,0,60,60,0.033062306727053646,0.033062306727053646,0.0,0.0,0.0,0.0,0.0,0,0,0,1,0,0,0,0,1.0,0.0,0.0,0.0,60,0,0,0,0,0,0,2,0,2,0,65535,11680,0,20,0,0,0,0,0,0,0,0,BENIGN
10.42.0.42-106.11.129.143-52792-443-6,10.42.0.42,52792,106.11.129.143,443,6,11/08/2017 10:10:53,60554586,2,2,0.0,0.0,0.0,0.0,0.0,0.0,0.0,0.0,0.0,0.0,0.0,0.06605610349643873,2.0184862E7,3.47168813586836E7,6.0272181E7,10846.0,282405.0,282405.0,0.0,282405.0,282405.0,6.0283027E7,6.0283027E7,0.0,6.0283027E7,6.0283027E7,0,0,0,0,60,60,0.033028051748219364,0.033028051748219364,0.0,0.0,0.0,0.0,0.0,0,0,0,1,0,0,0,0,1.0,0.0,0.0,0.0,60,0,0,0,0,0,0,2,0,2,0,65535,11680,0,20,0,0,0,0,0,0,0,0,BENIGN
222.73.28.96-10.42.0.42-80-41753-6,10.42.0.42,41753,222.73.28.96,80,6,11/08/2017 10:11:53,1044030,1,1,0.0,0.0,0.0,0.0,0.0,0.0,0.0,0.0,0.0,0.0,0.0,1.9156537647385612,1044030.0,0.0,1044030.0,1044030.0,0,0,0,0,0,0,0,0,0,0,0,0,0,0,20,20,0.9578268823692806,0.9578268823692806,0.0,0.0,0.0,0.0,0.0,0,0,0,0,1,0,0,0,1.0,0.0,0.0,0.0,20,0,0,0,0,0,0,1,0,1,0,1369,58,0,20,0,0,0,0,0,0,0,0,BENIGN
222.73.28.96-10.42.0.42-80-41752-6,10.42.0.42,41752,222.73.28.96,80,6,11/08/2017 10:11:53,1147987,1,1,0.0,0.0,0.0,0.0,0.0,0.0,0.0,0.0,0.0,0.0,0.0,1.7421800072648905,1147987.0,0.0,1147987.0,1147987.0,0,0,0,0,0,0,0,0,0,0,0,0,0,0,20,20,0.8710900036324453,0.8710900036324453,0.0,0.0,0.0,0.0,0.0,0,0,0,0,1,0,0,0,1.0,0.0,0.0,0.0,20,0,0,0,0,0,0,1,0,1,0,1369,58,0,20,0,0,0,0,0,0,0,0,BENIGN
10.42.0.42-125.39.83.108-53559-443-6,10.42.0.42,53559,125.39.83.108,443,6,11/08/2017 10:10:38,76014201,9,11,759.0,5484.0,434.0,0.0,84.33333333333331,149.9266487319716,1440.0,0.0,498.5454545454545,629.132953140489,82.12939053322418,0.2631087314855812,4000747.4210526315,1.7192526241788775E7,7.4995632E7,4.0,1018536.0,127317.00000000001,149482.7040745135,317859.0,1110.0,7.5703603E7,7570360.3,2.3692070839787796E7,7.4998125E7,4.0,0,0,0,0,200,232,0.11839892916851155,0.14470980231706967,0.0,1440.0,297.2857142857143,503.9833472305552,253999.21428571438,0,0,0,1,0,0,0,0,1.0,312.15,84.33333333333333,498.54545454545456,200,0,0,0,0,0,0,9,759,11,5484,65535,130,3,20,1018536.0,0.0,1018536.0,1018536.0,7.4995632E7,0.0,7.4995632E7,7.4995632E7,BENIGN
10.42.0.42-125.39.83.108-53558-443-6,10.42.0.42,53558,125.39.83.108,443,6,11/08/2017 10:10:38,76014900,11,11,759.0,5484.0,434.0,0.0,68.99999999999999,138.3697943916952,1440.0,0.0,498.5454545454545,629.132953140489,82.12863530702533,0.2894169432571772,3619757.1428571423,1.635467727661524E7,7.4996053E7,3.0,1018832.0,101883.2,140448.38003875696,315586.0,9.0,7.5704788E7,7570478.8,2.3692164419536132E7,7.4998558E7,3.0,0,0,0,0,240,232,0.1447084716285886,0.1447084716285886,0.0,1440.0,271.4347826086956,488.10261831699404,238244.16600790515,0,0,0,1,0,0,0,0,1.0,283.77272727272725,69.0,498.54545454545456,240,0,0,0,0,0,0,11,759,11,5484,65535,130,3,20,1018832.0,0.0,1018832.0,1018832.0,7.4996053E7,0.0,7.4996053E7,7.4996053E7,BENIGN
10.42.0.42-125.39.83.108-53556-443-6,10.42.0.42,53556,125.39.83.108,443,6,11/08/2017 10:10:38,76016787,9,11,759.0,5484.0,434.0,0.0,84.33333333333331,149.9266487319716,1440.0,0.0,498.5454545454545,629.132953140489,82.12659658977695,0.26309978084182906,4000883.526315789,1.71928458795065E7,7.4997043E7,4.0,1019722.0,127465.25,155340.46816934546,321212.0,4.0,7.5706642E7,7570664.199999999,2.3692282519675855E7,7.499897E7,4.0,0,0,0,0,200,232,0.11839490137882308,0.144704879463006,0.0,1440.0,297.2857142857143,503.9833472305552,253999.21428571438,0,0,0,1,0,0,0,0,1.0,312.15,84.33333333333333,498.54545454545456,200,0,0,0,0,0,0,9,759,11,5484,65535,130,3,20,1019722.0,0.0,1019722.0,1019722.0,7.4997043E7,0.0,7.4997043E7,7.4997043E7,BENIGN
10.42.0.42-125.39.83.108-53557-443-6,10.42.0.42,53557,125.39.83.108,443,6,11/08/2017 10:10:38,76016254,9,11,759.0,5484.0,434.0,0.0,84.33333333333331,149.9266487319716,1440.0,0.0,498.5454545454545,629.132953140489,82.1271724334114,0.26310162560759703,4000855.47368421,1.719276596677464E7,7.4996716E7,4.0,1019514.0,127439.25,152830.8262779002,320990.0,5.0,7.5706058E7,7570605.800000001,2.3692287915431876E7,7.4998967E7,4.0,0,0,0,0,200,232,0.11839573152341866,0.14470589408417836,0.0,1440.0,297.2857142857143,503.9833472305552,253999.21428571438,0,0,0,1,0,0,0,0,1.0,312.15,84.33333333333333,498.54545454545456,200,0,0,0,0,0,0,9,759,11,5484,65535,130,3,20,1019514.0,0.0,1019514.0,1019514.0,7.4996716E7,0.0,7.4996716E7,7.4996716E7,BENIGN
222.73.28.96-10.42.0.42-80-41761-6,10.42.0.42,41761,222.73.28.96,80,6,11/08/2017 10:11:53,1732221,1,1,0.0,0.0,0.0,0.0,0.0,0.0,0.0,0.0,0.0,0.0,0.0,1.1545870879062199,1732221.0,0.0,1732221.0,1732221.0,0,0,0,0,0,0,0,0,0,0,0,0,0,0,20,20,0.5772935439531099,0.5772935439531099,0.0,0.0,0.0,0.0,0.0,0,0,0,0,1,0,0,0,1.0,0.0,0.0,0.0,20,0,0,0,0,0,0,1,0,1,0,1369,58,0,20,0,0,0,0,0,0,0,0,BENIGN
10.42.0.42-106.11.129.143-58748-80-6,10.42.0.42,58748,106.11.129.143,80,6,11/08/2017 10:10:54,60543694,2,2,0.0,0.0,0.0,0.0,0.0,0.0,0.0,0.0,0.0,0.0,0.0,0.06606798719615621,2.0181231333333332E7,3.471871895307703E7,6.0270655E7,2250.0,273039.0,273039.0,0.0,273039.0,273039.0,6.0272905E7,6.0272905E7,0.0,6.0272905E7,6.0272905E7,0,0,0,0,60,60,0.033033993598078105,0.033033993598078105,0.0,0.0,0.0,0.0,0.0,0,0,0,1,0,0,0,0,1.0,0.0,0.0,0.0,60,0,0,0,0,0,0,2,0,2,0,65535,16384,0,20,0,0,0,0,0,0,0,0,BENIGN
222.73.28.96-10.42.0.42-80-41753-6,10.42.0.42,41753,222.73.28.96,80,6,11/08/2017 10:11:54,2197921,1,1,0.0,0.0,0.0,0.0,0.0,0.0,0.0,0.0,0.0,0.0,0.0,0.9099508126088244,2197921.0,0.0,2197921.0,2197921.0,0,0,0,0,0,0,0,0,0,0,0,0,0,0,32,20,0.4549754063044122,0.4549754063044122,0.0,0.0,0.0,0.0,0.0,0,0,0,0,1,0,0,0,1.0,0.0,0.0,0.0,32,0,0,0,0,0,0,1,0,1,0,1369,58,0,32,0,0,0,0,0,0,0,0,BENIGN
10.42.0.42-123.125.115.164-39549-443-6,10.42.0.42,39549,123.125.115.164,443,6,11/08/2017 10:10:55,60700296,8,9,651.0,3634.0,517.0,0.0,81.375,182.15765346063753,1460.0,0.0,403.7777777777777,616.6511934995702,70.59273648352554,0.280064532140008,3793768.4999999995,1.4855975307646401E7,5.9501251E7,14.0,1198816.0,171259.42857142855,211970.7074069883,432045.0,14.0,6.0345416E7,7543177.0,2.1010773788890865E7,5.9540273E7,14.0,0,0,0,0,180,200,0.13179507394823906,0.14826945819176895,0.0,1460.0,238.05555555555557,471.20464796247273,222033.82026143788,0,0,0,1,0,0,0,0,1.0,252.05882352941177,81.375,403.77777777777777,180,0,0,0,0,0,0,8,651,9,3634,65535,528,2,20,1198816.0,0.0,1198816.0,1198816.0,5.9501251E7,0.0,5.9501251E7,5.9501251E7,BENIGN
10.42.0.42-123.125.115.164-39550-443-6,10.42.0.42,39550,123.125.115.164,443,6,11/08/2017 10:10:55,60649942,8,8,651.0,3597.0,517.0,0.0,81.375,182.15765346063753,1460.0,0.0,449.62499999999994,642.6205139893995,70.04128709636689,0.2638089909467679,4043329.466666667,1.5346290605128728E7,5.9514505E7,14.0,1135437.0,162205.2857142857,200813.4248979338,391854.0,63.0,6.0299727E7,8614246.714285715,2.2461653596067514E7,5.9550953E7,14.0,0,0,0,0,180,180,0.13190449547338395,0.13190449547338395,0.0,1460.0,249.88235294117646,482.9449868195317,233235.86029411765,0,0,0,1,0,0,0,0,1.0,265.5,81.375,449.625,180,0,0,0,0,0,0,8,651,8,3597,65535,528,2,20,0,0,0,0,0,0,0,0,BENIGN
222.73.28.96-10.42.0.42-80-41752-6,10.42.0.42,41752,222.73.28.96,80,6,11/08/2017 10:11:54,2538304,1,1,0.0,0.0,0.0,0.0,0.0,0.0,0.0,0.0,0.0,0.0,0.0,0.7879276871485842,2538304.0,0.0,2538304.0,2538304.0,0,0,0,0,0,0,0,0,0,0,0,0,0,0,32,20,0.3939638435742921,0.3939638435742921,0.0,0.0,0.0,0.0,0.0,0,0,0,0,1,0,0,0,1.0,0.0,0.0,0.0,32,0,0,0,0,0,0,1,0,1,0,1369,58,0,32,0,0,0,0,0,0,0,0,BENIGN
221.228.208.94-10.42.0.42-80-53316-6,10.42.0.42,53316,221.228.208.94,80,6,11/08/2017 10:10:51,65699385,4,4,545.0,505.0,545.0,0.0,136.25,272.5,505.0,0.0,126.25,252.50000000000003,15.981884761934985,0.12176674104331417,9385626.42857143,2.4523206277391978E7,6.4997821E7,2264.0,701564.0,233854.66666666666,199780.475253047,350505.0,3173.0,6.5353763E7,2.1784587666666668E7,3.74261967130531E7,6.5000168E7,2405.0,0,0,0,0,100,92,0.060883370521657085,0.060883370521657085,0.0,545.0,116.66666666666667,231.71911876234986,53693.75,0,0,0,1,0,0,0,0,1.0,131.25,136.25,126.25,100,0,0,0,0,0,0,4,545,4,505,65535,31,1,20,0,0,0,0,0,0,0,0,BENIGN
222.73.28.96-10.42.0.42-80-41761-6,10.42.0.42,41761,222.73.28.96,80,6,11/08/2017 10:11:55,3327516,1,1,0.0,0.0,0.0,0.0,0.0,0.0,0.0,0.0,0.0,0.0,0.0,0.6010489506286371,3327516.0,0.0,3327516.0,3327516.0,0,0,0,0,0,0,0,0,0,0,0,0,0,0,32,20,0.30052447531431853,0.30052447531431853,0.0,0.0,0.0,0.0,0.0,0,0,0,0,1,0,0,0,1.0,0.0,0.0,0.0,32,0,0,0,0,0,0,1,0,1,0,1369,58,0,32,0,0,0,0,0,0,0,0,BENIGN
222.73.28.96-10.42.0.42-80-41753-6,10.42.0.42,41753,222.73.28.96,80,6,11/08/2017 10:11:56,4366852,1,1,0.0,0.0,0.0,0.0,0.0,0.0,0.0,0.0,0.0,0.0,0.0,0.4579958285739934,4366852.0,0.0,4366852.0,4366852.0,0,0,0,0,0,0,0,0,0,0,0,0,0,0,32,20,0.2289979142869967,0.2289979142869967,0.0,0.0,0.0,0.0,0.0,0,0,0,0,1,0,0,0,1.0,0.0,0.0,0.0,32,0,0,0,0,0,0,1,0,1,0,1369,58,0,32,0,0,0,0,0,0,0,0,BENIGN
222.73.28.96-10.42.0.42-80-41752-6,10.42.0.42,41752,222.73.28.96,80,6,11/08/2017 10:11:56,5089565,1,1,0.0,0.0,0.0,0.0,0.0,0.0,0.0,0.0,0.0,0.0,0.0,0.39296089154967073,5089565.0,0.0,5089565.0,5089565.0,0,0,0,0,0,0,0,0,0,0,0,0,0,0,32,20,0.19648044577483537,0.19648044577483537,0.0,0.0,0.0,0.0,0.0,0,0,0,0,1,0,0,0,1.0,0.0,0.0,0.0,32,0,0,0,0,0,0,1,0,1,0,1369,58,0,32,0,0,0,0,0,0,0,0,BENIGN
10.42.0.42-115.239.210.141-60969-80-6,10.42.0.42,60969,115.239.210.141,80,6,11/08/2017 10:11:30,31760611,2,0,0.0,0.0,0.0,0.0,0.0,0.0,0,0,0,0,0.0,0.06297108075156363,3.1760611E7,0.0,3.1760611E7,3.1760611E7,3.1760611E7,3.1760611E7,0.0,3.1760611E7,3.1760611E7,0,0,0,0,0,0,0,0,0,40,0,0.06297108075156363,0.0,0.0,0.0,0.0,0.0,0.0,0,0,0,0,1,1,0,0,0.0,0.0,0.0,0.0,40,0,0,0,0,0,0,2,0,0,0,1369,-1,0,20,0,0,0,0,0,0,0,0,BENIGN
10.42.0.42-119.146.74.49-53905-443-6,10.42.0.42,53905,119.146.74.49,443,6,11/08/2017 10:11:01,60517405,7,7,568.0,183.0,517.0,0.0,81.14285714285715,193.13244900104917,152.0,0.0,26.142857142857142,56.687531172879545,12.409653057661677,0.2313384058685266,4655185.0,1.6555757298532238E7,5.9755273E7,25.0,520965.0,86827.5,110360.70345507952,277012.0,25.0,6.0276274E7,1.0046045666666666E7,2.4352624908891093E7,5.9755273E7,31.0,0,0,0,0,184,176,0.1156692029342633,0.1156692029342633,0.0,517.0,50.06666666666668,135.3183899795836,18311.06666666667,0,0,0,1,0,0,0,0,1.0,53.642857142857146,81.14285714285714,26.142857142857142,184,0,0,0,0,0,0,7,568,7,183,65535,4380,2,20,762101.0,0.0,762101.0,762101.0,5.9755273E7,0.0,5.9755273E7,5.9755273E7,BENIGN
10.42.0.42-115.239.210.141-56325-443-6,10.42.0.42,56325,115.239.210.141,443,6,11/08/2017 10:11:31,30800175,2,0,0.0,0.0,0.0,0.0,0.0,0.0,0,0,0,0,0.0,0.06493469598792864,3.0800175E7,0.0,3.0800175E7,3.0800175E7,3.0800175E7,3.0800175E7,0.0,3.0800175E7,3.0800175E7,0,0,0,0,0,0,0,0,0,40,0,0.06493469598792864,0.0,0.0,0.0,0.0,0.0,0.0,0,0,0,0,1,1,0,0,0.0,0.0,0.0,0.0,40,0,0,0,0,0,0,2,0,0,0,1369,-1,0,20,0,0,0,0,0,0,0,0,BENIGN
10.42.0.42-123.125.115.164-39557-443-6,10.42.0.42,39557,123.125.115.164,443,6,11/08/2017 10:11:01,60734320,7,9,651.0,3634.0,517.0,0.0,93.0,193.52088603903542,1460.0,0.0,403.7777777777777,616.6511934995702,70.55318969571077,0.2634424819443109,4048954.666666666,1.5351212828666626E7,5.9537874E7,15.0,1196414.0,199402.33333333334,206772.30600606714,422101.0,551.0,6.0378965E7,7547370.625000001,2.103350419743085E7,5.960086E7,15.0,0,0,0,0,160,200,0.11525608585063603,0.1481863960936749,0.0,1460.0,252.05882352941177,481.83055509538764,232160.68382352937,0,0,0,1,0,0,0,0,1.0,267.8125,93.0,403.77777777777777,160,0,0,0,0,0,0,7,651,9,3634,65535,528,2,20,1196414.0,0.0,1196414.0,1196414.0,5.9537874E7,0.0,5.9537874E7,5.9537874E7,BENIGN
10.42.0.42-123.125.115.164-39556-443-6,10.42.0.42,39556,123.125.115.164,443,6,11/08/2017 10:11:01,61722515,9,9,651.0,3634.0,517.0,0.0,72.33333333333333,172.53840152267554,1460.0,0.0,403.7777777777777,616.6511934995702,69.42361308511164,0.29162777958740016,3630736.1764705884,1.4114846676993512E7,5.838606E7,54.0,3336401.0,417050.125,460118.7061448499,1209434.0,591.0,6.0373375E7,7546671.874999999,2.05632603176057E7,5.842792E7,54.0,0,0,0,0,220,200,0.14581388979370008,0.14581388979370008,0.0,1460.0,225.52631578947367,461.1737884549541,212681.26315789475,0,0,0,1,0,0,0,0,1.0,238.05555555555554,72.33333333333333,403.77777777777777,220,0,0,0,0,0,0,9,651,9,3634,65535,528,2,20,3336401.0,0.0,3336401.0,3336401.0,5.838606E7,0.0,5.838606E7,5.838606E7,BENIGN
10.42.0.42-119.146.74.49-53906-443-6,10.42.0.42,53906,119.146.74.49,443,6,11/08/2017 10:11:01,63095784,8,8,568.0,183.0,517.0,0.0,71.00000000000001,181.09271500690312,152.0,0.0,22.875,53.29014248164745,11.902538527772315,0.2535827116436179,4206385.600000001,1.5371732303259827E7,5.9725293E7,160.0,6.0608855E7,8658407.857142858,2.2659158912294947E7,6.0044037E7,311.0,6.2830976E7,8975853.714285715,2.239685839570782E7,5.9725293E7,160.0,0,0,0,0,204,196,0.12679135582180895,0.12679135582180895,0.0,517.0,44.1764705882353,127.66618350904326,16298.654411764712,0,0,0,1,0,0,0,0,1.0,46.9375,71.0,22.875,204,0,0,0,0,0,0,8,568,8,183,65535,4380,2,20,829620.0,0.0,829620.0,829620.0,5.9725293E7,0.0,5.9725293E7,5.9725293E7,BENIGN
222.73.28.96-10.42.0.42-80-41761-6,10.42.0.42,41761,222.73.28.96,80,6,11/08/2017 10:11:58,6843152,1,1,0.0,0.0,0.0,0.0,0.0,0.0,0.0,0.0,0.0,0.0,0.0,0.29226298056801897,6843152.0,0.0,6843152.0,6843152.0,0,0,0,0,0,0,0,0,0,0,0,0,0,0,32,20,0.14613149028400949,0.14613149028400949,0.0,0.0,0.0,0.0,0.0,0,0,0,0,1,0,0,0,1.0,0.0,0.0,0.0,32,0,0,0,0,0,0,1,0,1,0,1369,58,0,32,0,0,0,0,0,0,0,0,BENIGN
222.73.28.96-10.42.0.42-80-41753-6,10.42.0.42,41753,222.73.28.96,80,6,11/08/2017 10:12:00,8673796,1,1,0.0,0.0,0.0,0.0,0.0,0.0,0.0,0.0,0.0,0.0,0.0,0.23057955248198136,8673796.0,0.0,8673796.0,8673796.0,0,0,0,0,0,0,0,0,0,0,0,0,0,0,32,20,0.11528977624099068,0.11528977624099068,0.0,0.0,0.0,0.0,0.0,0,0,0,0,1,0,0,0,1.0,0.0,0.0,0.0,32,0,0,0,0,0,0,1,0,1,0,1369,58,0,32,0,0,0,0,0,0,0,0,BENIGN
222.73.28.96-10.42.0.42-80-41752-6,10.42.0.42,41752,222.73.28.96,80,6,11/08/2017 10:12:02,9964201,1,1,0.0,0.0,0.0,0.0,0.0,0.0,0.0,0.0,0.0,0.0,0.0,0.2007185523455418,9964201.0,0.0,9964201.0,9964201.0,0,0,0,0,0,0,0,0,0,0,0,0,0,0,32,20,0.1003592761727709,0.1003592761727709,0.0,0.0,0.0,0.0,0.0,0,0,0,0,1,0,0,0,1.0,0.0,0.0,0.0,32,0,0,0,0,0,0,1,0,1,0,1369,58,0,32,0,0,0,0,0,0,0,0,BENIGN
222.73.28.96-10.42.0.42-80-41761-6,10.42.0.42,41761,222.73.28.96,80,6,11/08/2017 10:12:05,13881339,1,1,0.0,0.0,0.0,0.0,0.0,0.0,0.0,0.0,0.0,0.0,0.0,0.14407831982202868,1.3881339E7,0.0,1.3881339E7,1.3881339E7,0,0,0,0,0,0,0,0,0,0,0,0,0,0,32,20,0.07203915991101434,0.07203915991101434,0.0,0.0,0.0,0.0,0.0,0,0,0,0,1,0,0,0,1.0,0.0,0.0,0.0,32,0,0,0,0,0,0,1,0,1,0,1369,58,0,32,0,0,0,0,0,0,0,0,BENIGN
172.217.11.14-10.42.0.42-80-57465-6,10.42.0.42,57465,172.217.11.14,80,6,11/08/2017 10:08:24,82862,4,3,188.0,83.0,188.0,0.0,47.0,93.99999999999999,83.0,0.0,27.666666666666668,47.92007234273894,3270.4979363278703,84.47780647341362,13810.333333333334,17960.9539464547,36975.0,67.0,82862.0,27620.666666666668,23986.448097484827,43836.0,67.0,43708.0,21854.0,30627.623120314118,43511.0,197.0,0,0,0,0,136,104,48.27303227052207,36.20477420289155,0.0,188.0,33.875,68.71564076477993,4721.839285714285,0,0,0,1,0,0,0,0,0.0,38.714285714285715,47.0,27.666666666666668,136,0,0,0,0,0,0,4,188,3,83,65535,170,1,32,0,0,0,0,0,0,0,0,BENIGN
172.217.11.14-10.42.0.42-80-57465-6,10.42.0.42,57465,172.217.11.14,80,6,11/08/2017 10:12:24,243453,2,1,0.0,0.0,0.0,0.0,0.0,0.0,0.0,0.0,0.0,0.0,0.0,12.322707052285246,121726.5,121197.39518859306,207426.0,36027.0,207426.0,207426.0,0.0,207426.0,207426.0,0,0,0,0,0,0,0,0,0,64,32,8.21513803485683,4.107569017428415,0.0,0.0,0.0,0.0,0.0,0,0,0,0,1,1,0,0,0.0,0.0,0.0,0.0,64,0,0,0,0,0,0,2,0,1,0,170,170,0,32,0,0,0,0,0,0,0,0,BENIGN
222.73.28.96-10.42.0.42-80-41753-6,10.42.0.42,41753,222.73.28.96,80,6,11/08/2017 10:12:09,17459287,1,1,0.0,0.0,0.0,0.0,0.0,0.0,0.0,0.0,0.0,0.0,0.0,0.1145522151047749,1.7459287E7,0.0,1.7459287E7,1.7459287E7,0,0,0,0,0,0,0,0,0,0,0,0,0,0,32,20,0.05727610755238745,0.05727610755238745,0.0,0.0,0.0,0.0,0.0,0,0,0,0,1,0,0,0,1.0,0.0,0.0,0.0,32,0,0,0,0,0,0,1,0,1,0,1369,58,0,32,0,0,0,0,0,0,0,0,BENIGN
172.217.10.78-10.42.0.42-443-40956-6,10.42.0.42,40956,172.217.10.78,443,6,11/08/2017 10:08:29,989268,20,15,14716.0,5110.0,1368.0,0.0,735.8,658.1641612530227,1418.0,0.0,340.66666666666663,560.5951769155282,20041.080880004203,35.379694885511306,29096.117647058814,53713.5813415117,191541.0,5.0,989268.0,52066.73684210526,74611.76532918928,233291.0,5.0,914211.0,65300.7857142857,106018.50933186407,319159.0,6.0,0,0,0,0,648,488,20.21696850600646,15.162726379504845,0.0,1418.0,550.7222222222224,638.7572582136621,408010.83492063504,0,0,0,1,0,0,0,0,0.0,566.4571428571429,735.8,340.6666666666667,648,0,0,0,0,0,0,20,14716,15,5110,65535,292,14,32,0,0,0,0,0,0,0,0,BENIGN
172.217.6.200-10.42.0.42-443-54274-6,10.42.0.42,54274,172.217.6.200,443,6,11/08/2017 10:10:30,76096,2,1,620.0,413.0,620.0,0.0,310.0,438.4062043356595,413.0,413.0,413.0,0.0,13574.95794785534,39.42388561816653,38048.0,19022.5866274805,51499.0,24597.0,76096.0,76096.0,0.0,76096.0,76096.0,0,0,0,0,0,1,0,0,0,64,32,26.28259041211102,13.14129520605551,0.0,620.0,413.25,292.2708504110528,85422.25,0,1,0,0,1,0,0,0,0.0,551.0,310.0,413.0,64,0,0,0,0,0,0,2,620,1,413,1593,180,0,32,0,0,0,0,0,0,0,0,BENIGN
209.85.201.138-10.42.0.42-443-34707-6,10.42.0.42,34707,209.85.201.138,443,6,11/08/2017 10:08:30,547052,11,10,1355.0,6454.0,551.0,0.0,123.18181818181819,217.939357703843,1418.0,0.0,645.4,628.918860691372,14274.694178981157,38.38757558696431,27352.6,47445.856371014605,200278.0,15.0,547052.0,54705.2,59658.88309901739,200278.0,123.0,484347.0,53816.333333333336,90366.44539595436,277632.0,15.0,0,0,0,0,360,328,20.10777768840988,18.279797898554435,0.0,1418.0,354.95454545454544,516.1814444066965,266443.2835497835,0,0,0,1,0,0,0,0,0.0,371.85714285714283,123.18181818181819,645.4,360,0,0,0,0,0,0,11,1355,10,6454,65535,179,4,32,0,0,0,0,0,0,0,0,BENIGN
222.73.28.96-10.42.0.42-80-41752-6,10.42.0.42,41752,222.73.28.96,80,6,11/08/2017 10:12:12,20297212,1,1,0.0,0.0,0.0,0.0,0.0,0.0,0.0,0.0,0.0,0.0,0.0,0.09853570037106575,2.0297212E7,0.0,2.0297212E7,2.0297212E7,0,0,0,0,0,0,0,0,0,0,0,0,0,0,32,20,0.049267850185532876,0.049267850185532876,0.0,0.0,0.0,0.0,0.0,0,0,0,0,1,0,0,0,1.0,0.0,0.0,0.0,32,0,0,0,0,0,0,1,0,1,0,1369,58,0,32,0,0,0,0,0,0,0,0,BENIGN
10.42.0.42-116.55.241.183-43574-80-6,10.42.0.42,43574,116.55.241.183,80,6,11/08/2017 10:10:41,748041,6,5,362.0,1545.0,362.0,0.0,60.333333333333336,147.78588114791842,1460.0,0.0,309.0,644.4478256616279,2549.3255048854276,14.705076326030259,74804.1,123384.89922411268,294580.0,13.0,748041.0,149608.2,151508.69935980573,305577.0,45.0,451240.0,112810.0,143855.52308016078,301359.0,13.0,0,0,0,0,152,112,8.020950723289232,6.684125602741027,0.0,1460.0,158.91666666666669,422.83103402344216,178786.0833333333,0,0,0,1,0,0,0,0,0.0,173.36363636363637,60.333333333333336,309.0,152,0,0,0,0,0,0,6,362,5,1545,65535,31,1,20,0,0,0,0,0,0,0,0,BENIGN
172.217.10.238-10.42.0.42-80-56833-6,10.42.0.42,56833,172.217.10.238,80,6,11/08/2017 10:08:45,102328,4,3,178.0,83.0,178.0,0.0,44.5,89.0,83.0,0.0,27.666666666666668,47.92007234273894,2550.621530763818,68.40747400515987,17054.666666666668,17764.77426444442,36814.0,171.0,102328.0,34109.333333333336,30953.21993481992,61991.0,802.0,40816.0,20408.0,28619.439861744326,40645.0,171.0,0,0,0,0,136,104,39.08998514580564,29.31748885935423,0.0,178.0,32.625,65.52848344694956,4293.982142857143,0,0,0,1,0,0,0,0,0.0,37.285714285714285,44.5,27.666666666666668,136,0,0,0,0,0,0,4,178,3,83,65535,170,1,32,0,0,0,0,0,0,0,0,BENIGN
172.217.10.238-10.42.0.42-80-34371-6,10.42.0.42,34371,172.217.10.238,80,6,11/08/2017 10:08:46,77969,4,3,178.0,83.0,178.0,0.0,44.5,89.0,83.0,0.0,27.666666666666668,47.92007234273894,3347.4842565635063,89.77927124882967,12994.833333333334,18306.542802142263,36606.0,22.0,77969.0,25989.666666666668,22155.24500729643,38797.0,407.0,39204.0,19602.0,27690.301551265202,39182.0,22.0,0,0,0,0,136,104,51.30244071361695,38.47683053521271,0.0,178.0,32.625,65.52848344694956,4293.982142857143,0,0,0,1,0,0,0,0,0.0,37.285714285714285,44.5,27.666666666666668,136,0,0,0,0,0,0,4,178,3,83,65535,170,1,32,0,0,0,0,0,0,0,0,BENIGN
222.73.28.96-10.42.0.42-80-41761-6,10.42.0.42,41761,222.73.28.96,80,6,11/08/2017 10:12:19,27942349,1,1,0.0,0.0,0.0,0.0,0.0,0.0,0.0,0.0,0.0,0.0,0.0,0.0715759437404493,2.7942349E7,0.0,2.7942349E7,2.7942349E7,0,0,0,0,0,0,0,0,0,0,0,0,0,0,32,20,0.03578797187022465,0.03578797187022465,0.0,0.0,0.0,0.0,0.0,0,0,0,0,1,0,0,0,1.0,0.0,0.0,0.0,32,0,0,0,0,0,0,1,0,1,0,1369,58,0,32,0,0,0,0,0,0,0,0,BENIGN
10.42.0.42-64.71.142.120-51917-80-6,10.42.0.42,51917,64.71.142.120,80,6,11/08/2017 10:10:49,251681,14,16,858.0,17832.0,858.0,0.0,61.285714285714285,229.31014556086012,1460.0,0.0,1114.5,619.6858343816916,74260.67124653827,119.19850922397798,8678.655172413793,21479.024279973808,72173.0,4.0,251681.0,19360.076923076926,34030.677188534704,84438.0,6.0,169192.0,11279.466666666667,29425.278100073527,92924.0,4.0,0,0,0,0,300,332,55.62597097118972,63.572538252788256,0.0,1460.0,602.9032258064515,709.5027533345077,503394.1569892473,0,0,0,1,0,0,0,0,1.0,623.0,61.285714285714285,1114.5,300,0,0,0,0,0,0,14,858,16,17832,65535,32,1,20,0,0,0,0,0,0,0,0,BENIGN
10.42.0.42-64.71.142.120-51917-80-6,10.42.0.42,51917,64.71.142.120,80,6,11/08/2017 10:12:49,279069,2,1,0.0,0.0,0.0,0.0,0.0,0.0,0.0,0.0,0.0,0.0,0.0,10.750029562581297,139534.5,128165.2254104053,230161.0,48908.0,230161.0,230161.0,0.0,230161.0,230161.0,0,0,0,0,0,0,0,0,0,40,20,7.166686375054198,3.583343187527099,0.0,0.0,0.0,0.0,0.0,0,0,0,0,1,1,0,0,0.0,0.0,0.0,0.0,40,0,0,0,0,0,0,2,0,1,0,32,32,0,20,0,0,0,0,0,0,0,0,BENIGN
10.42.0.42-64.71.142.96-56361-80-6,10.42.0.42,56361,64.71.142.96,80,6,11/08/2017 10:10:50,257186,10,15,495.0,16472.0,495.0,0.0,49.49999999999999,156.53274417833478,1460.0,0.0,1098.1333333333334,624.8468231342401,65971.7091910135,97.20591323011361,10716.083333333332,22952.196723353874,72412.0,5.0,257186.0,28576.222222222223,37107.891595918576,91538.0,5.0,181448.0,12960.571428571431,32474.906659934044,89632.0,5.0,0,0,0,0,220,312,38.88236529204544,58.32354793806816,0.0,1460.0,652.5769230769231,713.5061133908761,509090.9738461537,0,0,0,1,0,0,0,0,1.0,678.68,49.5,1098.1333333333334,220,0,0,0,0,0,0,10,495,15,16472,65535,31,1,20,0,0,0,0,0,0,0,0,BENIGN
10.42.0.42-64.71.142.96-56362-80-6,10.42.0.42,56362,64.71.142.96,80,6,11/08/2017 10:10:50,270536,12,20,496.0,24785.0,496.0,0.0,41.333333333333336,143.1828667590272,1460.0,0.0,1239.2500000000002,520.7040653617084,93447.82210131,118.28370346275543,8726.967741935487,21819.082500545053,72981.0,3.0,270536.0,24594.18181818182,38339.30692857705,101016.0,5.0,192040.0,10107.36842105263,29920.565363810532,99128.0,3.0,0,0,0,0,260,412,44.35638879853328,73.92731466422214,0.0,1460.0,766.0909090909091,723.3775969210498,523275.1477272727,0,0,0,1,0,0,0,0,1.0,790.03125,41.333333333333336,1239.25,260,0,0,0,0,0,0,12,496,20,24785,65535,31,1,20,0,0,0,0,0,0,0,0,BENIGN
10.42.0.42-64.71.142.96-56370-80-6,10.42.0.42,56370,64.71.142.96,80,6,11/08/2017 10:10:50,889354,15,11,2019.0,8816.0,409.0,0.0,134.6,197.04053245099453,1460.0,0.0,801.4545454545455,637.7117473649618,12183.00024512174,29.234702941685764,35574.16000000001,51050.859272624715,178969.0,14.0,889354.0,63525.28571428571,57410.35093407483,178969.0,69.0,809820.0,80982.0,102990.9612840963,265448.0,14.0,0,0,0,0,320,232,16.86617477404948,12.368528167636285,0.0,1460.0,401.29629629629625,540.6423398154641,292294.1396011397,0,0,0,1,0,0,0,0,0.0,416.7307692307692,134.6,801.4545454545455,320,0,0,0,0,0,0,15,2019,11,8816,65535,39,5,20,0,0,0,0,0,0,0,0,BENIGN
10.42.0.42-64.71.142.96-56370-80-6,10.42.0.42,56370,64.71.142.96,80,6,11/08/2017 10:12:51,280793,2,1,0.0,0.0,0.0,0.0,0.0,0.0,0.0,0.0,0.0,0.0,0.0,10.684027023465685,140396.5,141284.8846285405,240300.0,40493.0,240300.0,240300.0,0.0,240300.0,240300.0,0,0,0,0,0,0,0,0,0,40,20,7.122684682310456,3.561342341155228,0.0,0.0,0.0,0.0,0.0,0,0,0,0,1,1,0,0,0.0,0.0,0.0,0.0,40,0,0,0,0,0,0,2,0,1,0,39,39,0,20,0,0,0,0,0,0,0,0,BENIGN
10.42.0.42-47.89.67.225-56779-80-6,10.42.0.42,56779,47.89.67.225,80,6,11/08/2017 10:10:53,158690,5,4,853.0,2734.0,853.0,0.0,170.6,381.4731969614641,1460.0,0.0,683.5,792.882294753347,22603.818766147837,56.71434873022875,19836.25,32312.958726227116,72055.0,70.0,158690.0,39672.5,40035.76026088011,74299.0,1371.0,83684.0,27894.666666666664,47653.495153381285,82919.0,70.0,0,0,0,0,120,92,31.50797151679375,25.206377213435,0.0,1460.0,358.7,595.8773270471775,355069.78888888884,0,0,0,1,0,0,0,0,0.0,398.55555555555554,170.6,683.5,120,0,0,0,0,0,0,5,853,4,2734,65535,32,1,20,0,0,0,0,0,0,0,0,BENIGN
10.42.0.42-66.231.239.96-59256-80-6,10.42.0.42,59256,66.231.239.96,80,6,11/08/2017 10:10:54,426966,28,34,908.0,45583.0,908.0,0.0,32.42857142857142,171.59587074618918,1460.0,0.0,1340.6764705882351,375.8968846830717,108886.8902910302,145.21062567042807,6999.442622950819,19865.689097473725,95016.0,6.0,426966.0,15813.555555555551,37558.31668663191,173169.0,7.0,349813.0,10600.393939393936,26031.164810111975,95016.0,6.0,0,0,0,0,580,692,65.57899223825784,79.63163343217025,0.0,1460.0,737.9523809523808,721.6828994601934,520826.20737327164,0,0,0,1,0,0,0,0,1.0,749.8548387096774,32.42857142857143,1340.6764705882354,580,0,0,0,0,0,0,28,908,34,45583,65535,33,1,20,0,0,0,0,0,0,0,0,BENIGN
10.42.0.42-66.231.239.96-59257-80-6,10.42.0.42,59257,66.231.239.96,80,6,11/08/2017 10:10:54,414364,29,45,1783.0,58956.0,906.0,0.0,61.482758620689644,229.93331652733818,1460.0,0.0,1310.1333333333332,430.3022510663025,146583.68004942514,178.58694288113833,5676.219178082191,17417.993545346668,75105.0,6.0,414364.0,14798.71428571429,28847.162612711716,90174.0,7.0,336942.0,7657.77272727273,24100.549803497575,87482.0,6.0,0,0,0,0,600,912,69.98677491287853,108.60016796825978,0.0,1460.0,809.8533333333336,714.5925448989972,510642.5052252253,0,0,0,1,0,0,0,0,1.0,820.7972972972973,61.48275862068966,1310.1333333333334,600,0,0,0,0,0,0,29,1783,45,58956,65535,36,2,20,0,0,0,0,0,0,0,0,BENIGN
10.42.0.42-66.231.239.96-59263-80-6,10.42.0.42,59263,66.231.239.96,80,6,11/08/2017 10:10:54,161968,9,12,907.0,14150.0,907.0,0.0,100.77777777777779,302.3333333333333,1460.0,0.0,1179.1666666666665,565.6285053465799,92962.80746814185,129.6552405413415,8098.399999999999,22434.096714834013,73583.0,3.0,161968.0,20246.0,35291.11882612961,78905.0,8.0,78307.0,7118.818181818182,22909.672332087954,76186.0,3.0,0,0,0,0,200,252,55.56653166057493,74.08870888076657,0.0,1460.0,684.4090909090909,714.5428547973812,510571.49134199135,0,0,0,1,0,0,0,0,1.0,717.0,100.77777777777777,1179.1666666666667,200,0,0,0,0,0,0,9,907,12,14150,65535,33,1,20,0,0,0,0,0,0,0,0,BENIGN
10.42.0.42-66.231.239.96-59262-80-6,10.42.0.42,59262,66.231.239.96,80,6,11/08/2017 10:10:54,409723,36,36,896.0,48258.0,896.0,0.0,24.888888888888896,149.33333333333334,1460.0,0.0,1340.5,370.53332219537674,119968.85700827144,175.72847997305496,5770.74647887324,19027.955386534617,85944.0,3.0,409723.0,11706.371428571425,35612.41518981971,174219.0,5.0,331173.0,9462.085714285713,26454.240685703735,87282.0,3.0,0,0,0,0,740,732,87.86423998652748,87.86423998652748,0.0,1460.0,673.3424657534246,718.8002391944913,516673.7838660578,0,0,0,1,0,0,0,0,1.0,682.6944444444445,24.88888888888889,1340.5,740,0,0,0,0,0,0,36,896,36,48258,65535,33,1,20,0,0,0,0,0,0,0,0,BENIGN
203.90.242.126-10.42.0.42-443-37848-6,10.42.0.42,37848,203.90.242.126,443,6,11/08/2017 10:10:53,61073431,8,9,896.0,4024.0,579.0,0.0,111.99999999999997,200.06356132846523,1448.0,0.0,447.1111111111111,591.679272166189,80.55876212358203,0.2783534463619704,3817089.4375,1.490599283630272E7,5.971279E7,4.0,6.0784867E7,8683552.42857143,2.250213393866013E7,5.971279E7,559.0,6.0824039E7,7603004.875,2.1179068095428713E7,6.0017498E7,4.0,0,0,0,0,264,296,0.13098985711151548,0.14736358925045492,0.0,1448.0,273.3333333333333,462.44745329477547,213857.64705882352,0,0,0,1,0,0,0,0,1.0,289.4117647058824,112.0,447.1111111111111,264,0,0,0,0,0,0,8,896,9,4024,65535,244,4,32,1072077.0,0.0,1072077.0,1072077.0,5.971279E7,0.0,5.971279E7,5.971279E7,BENIGN
10.42.0.42-66.198.24.240-33961-80-6,10.42.0.42,33961,66.198.24.240,80,6,11/08/2017 10:10:54,78050,4,3,850.0,833.0,850.0,0.0,212.5,425.0,833.0,0.0,277.6666666666667,480.9327742349583,21563.100576553494,89.68609865470853,13008.333333333334,15370.239082937738,32693.0,557.0,78050.0,26016.666666666668,16776.495353122275,36439.0,6664.0,43708.0,21854.0,30118.506237859805,43151.0,557.0,0,0,0,0,100,72,51.24919923126202,38.43689942344651,0.0,850.0,210.375,389.5653026130536,151761.125,0,0,0,1,0,0,0,0,0.0,240.42857142857142,212.5,277.6666666666667,100,0,0,0,0,0,0,4,850,3,833,65535,32,1,20,0,0,0,0,0,0,0,0,BENIGN
10.42.0.42-66.198.24.240-33961-80-6,10.42.0.42,33961,66.198.24.240,80,6,11/08/2017 10:12:54,234985,2,1,0.0,0.0,0.0,0.0,0.0,0.0,0.0,0.0,0.0,0.0,0.0,12.766772347171097,117492.5,137513.17705769144,214729.0,20256.0,214729.0,214729.0,0.0,214729.0,214729.0,0,0,0,0,0,0,0,0,0,40,20,8.511181564780731,4.255590782390366,0.0,0.0,0.0,0.0,0.0,0,0,0,0,1,1,0,0,0.0,0.0,0.0,0.0,40,0,0,0,0,0,0,2,0,1,0,32,32,0,20,0,0,0,0,0,0,0,0,BENIGN
209.85.201.138-10.42.0.42-443-40615-6,10.42.0.42,40615,209.85.201.138,443,6,11/08/2017 10:09:00,454425,9,9,1509.0,1876.0,617.0,0.0,167.66666666666666,264.47636945481537,837.0,0.0,208.44444444444443,356.69879138816515,7448.973978104197,39.610496781647136,26730.88235294118,31818.89524693298,89933.0,31.0,454425.0,56803.125,35497.09262314913,96570.0,508.0,397231.0,49653.875,58070.80245807698,163260.0,31.0,0,0,0,0,296,296,19.805248390823568,19.805248390823568,0.0,837.0,178.1578947368421,299.85556952156054,89913.36257309941,0,0,0,1,0,0,0,0,1.0,188.05555555555554,167.66666666666666,208.44444444444446,296,0,0,0,0,0,0,9,1509,9,1876,65535,180,4,32,0,0,0,0,0,0,0,0,BENIGN
222.73.28.96-10.42.0.42-80-41753-6,10.42.0.42,41753,222.73.28.96,80,6,11/08/2017 10:12:27,35042815,1,1,0.0,0.0,0.0,0.0,0.0,0.0,0.0,0.0,0.0,0.0,0.0,0.05707304050773319,3.5042815E7,0.0,3.5042815E7,3.5042815E7,0,0,0,0,0,0,0,0,0,0,0,0,0,0,32,20,0.028536520253866594,0.028536520253866594,0.0,0.0,0.0,0.0,0.0,0,0,0,0,1,0,0,0,1.0,0.0,0.0,0.0,32,0,0,0,0,0,0,1,0,1,0,1369,58,0,32,0,0,0,0,0,0,0,0,BENIGN
8.0.6.4-8.6.0.1-0-0-0,8.6.0.1,0,8.0.6.4,0,0,11/08/2017 10:10:34,114808106,8,0,0.0,0.0,0.0,0.0,0.0,0.0,0,0,0,0,0.0,0.06968149095674482,1.6401158000000002E7,2.352120856536181E7,5.1645738E7,24.0,1.14808106E8,1.6401158000000002E7,2.352120856536181E7,5.1645738E7,24.0,0,0,0,0,0,0,0,0,0,0,0,0.06968149095674482,0.0,0.0,0.0,0.0,0.0,0.0,0,0,0,0,0,0,0,0,0.0,0.0,0.0,0.0,0,0,0,0,0,0,0,8,0,0,0,-1,-1,0,0,79055.66666666666,84517.68230573607,169272.0,1714.0,3.8190305E7,2.033393932057994E7,5.1645738E7,1.4798778E7,BENIGN
222.73.28.96-10.42.0.42-80-41752-6,10.42.0.42,41752,222.73.28.96,80,6,11/08/2017 10:12:32,40548637,1,1,0.0,0.0,0.0,0.0,0.0,0.0,0.0,0.0,0.0,0.0,0.0,0.04932348280905225,4.0548637E7,0.0,4.0548637E7,4.0548637E7,0,0,0,0,0,0,0,0,0,0,0,0,0,0,32,20,0.024661741404526125,0.024661741404526125,0.0,0.0,0.0,0.0,0.0,0,0,0,0,1,0,0,0,1.0,0.0,0.0,0.0,32,0,0,0,0,0,0,1,0,1,0,1369,58,0,32,0,0,0,0,0,0,0,0,BENIGN
172.217.10.78-10.42.0.42-443-41085-6,10.42.0.42,41085,172.217.10.78,443,6,11/08/2017 10:09:13,1517021,26,39,9687.0,36093.0,1368.0,0.0,372.57692307692315,576.3540004599204,1418.0,0.0,925.4615384615385,617.5510993625439,30177.565109513976,42.847132636924606,23703.453125,69719.32778749823,500742.0,4.0,1517021.0,60680.84,113517.81015685013,500742.0,44.0,1475364.0,38825.368421052626,102303.19670348764,553915.0,4.0,0,0,0,0,840,1256,17.138853054769843,25.708279582154763,0.0,1418.0,693.6363636363636,656.9603345095356,431596.881118881,0,0,0,1,0,0,0,0,1.0,704.3076923076923,372.5769230769231,925.4615384615385,840,0,0,0,0,0,0,26,9687,39,36093,65535,243,10,32,0,0,0,0,0,0,0,0,BENIGN
172.217.10.106-10.42.0.42-443-56156-6,10.42.0.42,56156,172.217.10.106,443,6,11/08/2017 10:09:15,289998,11,12,3074.0,4735.0,1368.0,0.0,279.45454545454544,461.9879573400942,1418.0,0.0,394.58333333333337,542.5990413712225,26927.771915668385,79.3108917992538,13181.727272727274,19755.524602070942,77634.0,7.0,289998.0,28999.8,29314.143779259717,93867.0,46.0,249942.0,22722.0,30516.669621700203,80004.0,7.0,0,0,0,0,360,392,37.93129607790399,41.37959572134981,0.0,1418.0,325.375,491.64416369530124,241713.98369565216,0,0,0,1,0,0,0,0,1.0,339.5217391304348,279.45454545454544,394.5833333333333,360,0,0,0,0,0,0,11,3074,12,4735,65535,196,5,32,0,0,0,0,0,0,0,0,BENIGN
172.217.10.106-10.42.0.42-443-56156-6,10.42.0.42,56156,172.217.10.106,443,6,11/08/2017 10:13:16,244217,1,1,0.0,0.0,0.0,0.0,0.0,0.0,0.0,0.0,0.0,0.0,0.0,8.189438081706024,244217.0,0.0,244217.0,244217.0,0,0,0,0,0,0,0,0,0,0,0,0,0,0,32,32,4.094719040853012,4.094719040853012,0.0,0.0,0.0,0.0,0.0,0,0,0,0,1,1,0,0,1.0,0.0,0.0,0.0,32,0,0,0,0,0,0,1,0,1,0,196,196,0,32,0,0,0,0,0,0,0,0,BENIGN
10.42.0.42-108.168.180.119-50156-443-6,10.42.0.42,50156,108.168.180.119,443,6,11/08/2017 10:10:47,147924,2,2,36.0,0.0,33.0,3.0,18.0,21.213203435596427,0.0,0.0,0.0,0.0,243.3682161109759,27.040912901219546,49308.0,40449.724807469334,72811.0,2601.0,75412.0,75412.0,0.0,75412.0,75412.0,75113.0,75113.0,0.0,75113.0,75113.0,1,0,0,0,64,64,13.520456450609773,13.520456450609773,0.0,33.0,7.8,14.166862743741113,200.7,0,1,0,0,1,0,0,0,1.0,9.75,18.0,0.0,64,0,0,0,0,0,0,2,36,2,0,1386,514,1,32,0,0,0,0,0,0,0,0,BENIGN
172.217.3.109-10.42.0.42-443-44434-6,10.42.0.42,44434,172.217.3.109,443,6,11/08/2017 10:09:26,344316,16,16,1599.0,5658.0,924.0,0.0,99.9375,231.54249969857946,1418.0,0.0,353.625,492.40117451796016,21076.569198062243,92.93788264268869,11106.967741935481,17673.256654210378,75284.0,9.0,269032.0,17935.46666666667,25269.235818245375,69118.0,59.0,308057.0,20537.133333333335,29662.781227049658,87458.0,9.0,0,0,0,0,520,520,46.468941321344346,46.468941321344346,0.0,1418.0,219.90909090909085,395.51361888975805,156431.0227272728,0,0,0,1,0,0,0,0,1.0,226.78125,99.9375,353.625,520,0,0,0,0,0,0,16,1599,16,5658,65535,185,9,32,0,0,0,0,0,0,0,0,BENIGN
172.217.3.109-10.42.0.42-443-44434-6,10.42.0.42,44434,172.217.3.109,443,6,11/08/2017 10:13:26,30,1,1,55.0,0.0,55.0,55.0,55.0,0.0,0.0,0.0,0.0,0.0,1833333.3333333333,66666.66666666667,30.0,0.0,30.0,30.0,0,0,0,0,0,0,0,0,0,0,1,0,0,0,32,32,33333.333333333336,33333.333333333336,0.0,55.0,36.66666666666667,31.754264805429415,1008.3333333333333,0,1,0,0,1,0,0,0,1.0,55.0,55.0,0.0,32,0,0,0,0,0,0,1,55,1,0,185,185,0,32,0,0,0,0,0,0,0,0,BENIGN
172.217.10.106-10.42.0.42-443-49449-6,10.42.0.42,49449,172.217.10.106,443,6,11/08/2017 10:09:26,256487,14,10,8575.0,983.0,1368.0,0.0,612.5,681.5216854160311,583.0,0.0,98.3,186.96229566412583,37265.04657156113,93.57199390222506,11151.60869565217,14814.787292490539,36784.0,6.0,256487.0,19729.76923076923,21903.340605768513,62495.0,6.0,184134.0,20459.333333333332,26701.592321432818,67028.0,11.0,0,0,0,0,456,328,54.58366310963128,38.98833079259377,0.0,1368.0,382.3199999999999,579.0556046990075,335305.3933333333,0,0,0,1,0,0,0,0,0.0,398.25,612.5,98.3,456,0,0,0,0,0,0,14,8575,10,983,65535,234,9,32,0,0,0,0,0,0,0,0,BENIGN
172.217.3.109-10.42.0.42-443-44434-6,10.42.0.42,44434,172.217.3.109,443,6,11/08/2017 10:13:26,17510,1,1,0.0,0.0,0.0,0.0,0.0,0.0,0.0,0.0,0.0,0.0,0.0,114.22044545973729,17510.0,0.0,17510.0,17510.0,0,0,0,0,0,0,0,0,0,0,0,0,0,0,32,32,57.110222729868646,57.110222729868646,0.0,0.0,0.0,0.0,0.0,0,0,0,0,1,1,0,0,1.0,0.0,0.0,0.0,32,0,0,0,0,0,0,1,0,1,0,1726,185,0,32,0,0,0,0,0,0,0,0,BENIGN
172.217.10.238-10.42.0.42-443-57044-6,10.42.0.42,57044,172.217.10.238,443,6,11/08/2017 10:09:27,393452,24,25,3754.0,7186.0,1368.0,0.0,156.41666666666666,345.21724938850076,1418.0,0.0,287.44000000000005,468.3021709679909,27805.170643432997,124.53869849435254,8196.916666666666,18878.240443649058,96640.0,4.0,317023.0,13783.608695652172,30702.012985143512,138116.0,61.0,356767.0,14865.291666666666,26599.780929923607,96640.0,4.0,0,0,0,0,776,808,60.998546201315534,63.54015229303701,0.0,1418.0,218.8,410.6602448919226,168641.83673469385,0,0,0,1,0,0,0,0,1.0,223.26530612244898,156.41666666666666,287.44,776,0,0,0,0,0,0,24,3754,25,7186,65535,207,13,32,0,0,0,0,0,0,0,0,BENIGN
172.217.10.238-10.42.0.42-443-57044-6,10.42.0.42,57044,172.217.10.238,443,6,11/08/2017 10:13:27,32,1,1,55.0,0.0,55.0,55.0,55.0,0.0,0.0,0.0,0.0,0.0,1718750.0,62500.0,32.0,0.0,32.0,32.0,0,0,0,0,0,0,0,0,0,0,1,0,0,0,32,32,31250.0,31250.0,0.0,55.0,36.66666666666667,31.754264805429415,1008.3333333333333,0,1,0,0,1,0,0,0,1.0,55.0,55.0,0.0,32,0,0,0,0,0,0,1,55,1,0,207,207,0,32,0,0,0,0,0,0,0,0,BENIGN
172.217.10.238-10.42.0.42-443-57044-6,172.217.10.238,443,10.42.0.42,57044,6,11/08/2017 10:13:27,7094,1,2,0.0,0.0,0.0,0.0,0.0,0.0,0.0,0.0,0.0,0.0,0.0,422.89258528333806,3547.0,4661.247901581722,6843.0,251.0,0,0,0,0,0,251.0,251.0,0.0,251.0,251.0,0,0,0,0,32,76,140.964195094446,281.928390188892,0.0,0.0,0.0,0.0,0.0,0,0,0,0,1,1,0,0,2.0,0.0,0.0,0.0,32,0,0,0,0,0,0,1,0,2,0,207,1771,0,32,0,0,0,0,0,0,0,0,BENIGN
216.58.217.132-10.42.0.42-443-60657-6,10.42.0.42,60657,216.58.217.132,443,6,11/08/2017 10:09:31,307128,17,16,1227.0,4725.0,588.0,0.0,72.17647058823526,150.90983868444332,1418.0,0.0,295.3125,502.32376262725217,19379.54208017504,107.44705790419628,9597.75,19672.047565501536,94250.0,7.0,212878.0,13304.875,19736.768610472518,58191.0,46.0,265387.0,17692.466666666664,30504.68489983293,106179.0,7.0,0,0,0,0,552,520,55.351514677919305,52.09554322627699,0.0,1418.0,175.05882352941177,373.00092949567113,139129.69340463463,0,0,0,1,0,0,0,0,0.0,180.36363636363637,72.17647058823529,295.3125,552,0,0,0,0,0,0,17,1227,16,4725,65535,179,8,32,0,0,0,0,0,0,0,0,BENIGN
216.58.217.132-10.42.0.42-443-60657-6,10.42.0.42,60657,216.58.217.132,443,6,11/08/2017 10:13:31,12,1,1,55.0,0.0,55.0,55.0,55.0,0.0,0.0,0.0,0.0,0.0,4583333.333333333,166666.66666666666,12.0,0.0,12.0,12.0,0,0,0,0,0,0,0,0,0,0,1,0,0,0,32,32,83333.33333333333,83333.33333333333,0.0,55.0,36.66666666666667,31.754264805429415,1008.3333333333333,0,1,0,0,1,0,0,0,1.0,55.0,55.0,0.0,32,0,0,0,0,0,0,1,55,1,0,179,179,0,32,0,0,0,0,0,0,0,0,BENIGN
216.58.217.132-10.42.0.42-443-60657-6,216.58.217.132,443,10.42.0.42,60657,6,11/08/2017 10:13:31,95647,1,2,0.0,0.0,0.0,0.0,0.0,0.0,0.0,0.0,0.0,0.0,0.0,31.365332943009193,47823.5,67342.72851986323,95442.0,205.0,0,0,0,0,0,205.0,205.0,0.0,205.0,205.0,0,0,0,0,32,76,10.455110981003063,20.910221962006126,0.0,0.0,0.0,0.0,0.0,0,0,0,0,1,1,0,0,2.0,0.0,0.0,0.0,32,0,0,0,0,0,0,1,0,2,0,179,1593,0,32,0,0,0,0,0,0,0,0,BENIGN
172.217.10.78-10.42.0.42-443-40956-6,10.42.0.42,40956,172.217.10.78,443,6,11/08/2017 10:12:30,66751579,4,0,23.0,0.0,23.0,0.0,5.75,11.5,0,0,0,0,0.34456113764739554,0.05992367611259053,2.2250526333333336E7,3.844482191961025E7,6.6642739E7,352.0,6.6751579E7,2.2250526333333336E7,3.844482191961025E7,6.6642739E7,352.0,0,0,0,0,0,0,0,0,0,128,0,0.05992367611259053,0.0,0.0,23.0,4.6,10.285912696499032,105.8,0,0,0,0,1,1,0,0,0.0,5.75,5.75,0.0,128,0,0,0,0,0,0,4,23,0,0,292,-1,1,32,108488.0,0.0,108488.0,108488.0,6.6642739E7,0.0,6.6642739E7,6.6642739E7,BENIGN
209.85.201.138-10.42.0.42-443-34707-6,10.42.0.42,34707,209.85.201.138,443,6,11/08/2017 10:12:31,65479729,4,0,23.0,0.0,23.0,0.0,5.75,11.5,0,0,0,0,0.35125374449854546,0.061087607738877475,2.1826576333333336E7,3.774702462258868E7,6.5413069E7,4.0,6.5479729E7,2.1826576333333336E7,3.774702462258868E7,6.5413069E7,4.0,0,0,0,0,0,0,0,0,0,128,0,0.061087607738877475,0.0,0.0,23.0,4.6,10.285912696499032,105.8,0,0,0,0,1,1,0,0,0.0,5.75,5.75,0.0,128,0,0,0,0,0,0,4,23,0,0,179,-1,1,32,66656.0,0.0,66656.0,66656.0,6.5413069E7,0.0,6.5413069E7,6.5413069E7,BENIGN
172.217.10.106-10.42.0.42-443-56156-6,10.42.0.42,56156,172.217.10.106,443,6,11/08/2017 10:13:16,21395359,3,0,31.0,0.0,31.0,0.0,10.333333333333332,17.8978583448784,0,0,0,0,1.4489123552448921,0.1402173247011186,1.06976795E7,1.5127616909641799E7,2.139452E7,839.0,2.1395359E7,1.06976795E7,1.5127616909641799E7,2.139452E7,839.0,0,0,0,0,0,0,0,0,0,108,0,0.1402173247011186,0.0,0.0,31.0,7.75,15.500000000000002,240.25000000000003,0,0,0,0,1,0,0,0,0.0,10.333333333333334,10.333333333333334,0.0,108,0,0,0,0,0,0,3,31,0,0,1593,-1,1,32,0,0,0,0,2.139452E7,0.0,2.139452E7,2.139452E7,BENIGN
10.42.0.42-104.192.110.245-60590-443-6,10.42.0.42,60590,104.192.110.245,443,6,11/08/2017 10:10:47,461253,18,15,1013.0,9740.0,417.0,0.0,56.27777777777778,105.7838003585646,1460.0,0.0,649.3333333333333,673.4007156289068,23312.58550079891,71.54425011869841,14414.15625,26558.726944458056,94437.0,4.0,408941.0,24055.352941176476,35548.117817511054,108476.0,7.0,366816.0,26201.14285714286,45292.487323815876,114109.0,4.0,0,0,0,0,380,312,39.02413642838095,32.52011369031746,0.0,1460.0,316.264705882353,537.0941630000262,288470.1399286987,0,0,0,1,0,0,0,0,0.0,325.8484848484849,56.27777777777778,649.3333333333334,380,0,0,0,0,0,0,18,1013,15,9740,65535,33,8,20,0,0,0,0,0,0,0,0,BENIGN
10.42.0.42-104.192.110.245-60590-443-6,10.42.0.42,60590,104.192.110.245,443,6,11/08/2017 10:13:47,165,1,2,46.0,31.0,46.0,46.0,46.0,0.0,31.0,0.0,15.5,21.920310216782973,466666.6666666667,18181.81818181818,82.5,72.8319984622144,134.0,31.0,0,0,0,0,0,134.0,134.0,0.0,134.0,134.0,1,0,0,0,20,40,6060.606060606061,12121.212121212122,0.0,46.0,30.75,21.68524844220144,470.25,0,1,0,0,1,0,0,0,2.0,41.0,46.0,15.5,20,0,0,0,0,0,0,1,46,2,31,33,33,0,20,0,0,0,0,0,0,0,0,BENIGN
10.42.0.42-104.192.110.245-60590-443-6,10.42.0.42,60590,104.192.110.245,443,6,11/08/2017 10:13:47,584,3,0,0.0,0.0,0.0,0.0,0.0,0.0,0,0,0,0,0.0,5136.986301369863,292.0,367.6955262170047,552.0,32.0,584.0,292.0,367.6955262170047,552.0,32.0,0,0,0,0,0,0,0,0,0,60,0,5136.986301369863,0.0,0.0,0.0,0.0,0.0,0.0,0,0,0,0,1,0,0,0,0.0,0.0,0.0,0.0,60,0,0,0,0,0,0,3,0,0,0,1780,-1,0,20,0,0,0,0,0,0,0,0,BENIGN
10.42.0.42-64.71.142.96-44841-443-6,10.42.0.42,44841,64.71.142.96,443,6,11/08/2017 10:10:46,4146244,46,59,1187.0,66028.0,244.0,0.0,25.804347826086953,59.62125630090791,1460.0,0.0,1119.1186440677966,562.4154215262447,16211.057525799253,25.32412467766007,39867.73076923073,209759.07000902973,1697599.0,5.0,4146244.0,92138.75555555557,316123.6620838833,1719229.0,5.0,4067742.0,70133.48275862068,293975.52850315656,1769716.0,5.0,0,0,0,0,940,1192,11.094378430212982,14.229746247447085,0.0,1460.0,634.1037735849056,688.7429256986312,474366.8176999102,0,0,0,1,0,0,0,0,1.0,640.1428571428571,25.804347826086957,1119.1186440677966,940,0,0,0,0,0,0,46,1187,59,66028,65535,37,10,20,0,0,0,0,0,0,0,0,BENIGN
10.42.0.42-64.71.142.96-44841-443-6,10.42.0.42,44841,64.71.142.96,443,6,11/08/2017 10:14:21,40,1,2,46.0,31.0,46.0,46.0,46.0,0.0,31.0,0.0,15.5,21.920310216782973,1924999.9999999998,75000.0,20.0,15.556349186104045,31.0,9.0,0,0,0,0,0,9.0,9.0,0.0,9.0,9.0,1,0,0,0,20,40,24999.999999999996,49999.99999999999,0.0,46.0,30.75,21.68524844220144,470.25,0,1,0,0,1,0,0,0,2.0,41.0,46.0,15.5,20,0,0,0,0,0,0,1,46,2,31,37,37,0,20,0,0,0,0,0,0,0,0,BENIGN
10.42.0.42-64.71.142.96-44841-443-6,64.71.142.96,443,10.42.0.42,44841,6,11/08/2017 10:14:21,80633,1,4,0.0,0.0,0.0,0.0,0.0,0.0,0.0,0.0,0.0,0.0,0.0,62.00935101013233,20158.25,40190.5363020948,80444.0,7.0,0,0,0,0,0,189.0,63.0,66.15889962809237,136.0,7.0,0,0,0,0,20,92,12.401870202026466,49.60748080810586,0.0,0.0,0.0,0.0,0.0,0,0,0,0,1,1,0,0,4.0,0.0,0.0,0.0,20,0,0,0,0,0,0,1,0,4,0,37,3604,0,20,0,0,0,0,0,0,0,0,BENIGN
10.42.0.42-64.71.142.96-44841-443-6,64.71.142.96,443,10.42.0.42,44841,6,11/08/2017 10:14:21,222232,2,3,47.0,0.0,46.0,1.0,23.5,31.81980515339464,0.0,0.0,0.0,0.0,211.49069440944598,22.499010043558084,55558.0,72159.8578389213,160200.0,7487.0,167976.0,167976.0,0.0,167976.0,167976.0,214456.0,107228.0,85501.93776751496,167687.0,46769.0,1,0,0,0,40,84,8.999604017423232,13.49940602613485,0.0,46.0,15.500000000000002,23.62837277511932,558.3,0,1,0,0,1,0,0,0,1.0,18.6,23.5,0.0,40,0,0,0,0,0,0,2,47,3,0,37,3604,1,20,0,0,0,0,0,0,0,0,BENIGN
10.42.0.42-64.71.142.96-44841-443-6,64.71.142.96,443,10.42.0.42,44841,6,11/08/2017 10:14:21,317209,3,4,49.0,0.0,46.0,1.0,16.333333333333332,25.696951829610715,0.0,0.0,0.0,0.0,154.47228798678472,22.06746971239782,52868.16666666667,71512.7547376457,185473.0,7012.0,300380.0,150190.0,76148.32926597931,204035.0,96345.0,231559.0,77186.33333333334,100323.55307370913,192485.0,9817.0,1,0,0,0,60,116,9.457487019599066,12.609982692798754,0.0,46.0,6.25,16.077935190813527,258.50000000000006,0,1,0,0,1,0,0,0,1.0,7.142857142857143,16.333333333333332,0.0,60,0,0,0,0,0,0,3,49,4,0,37,3604,2,20,0,0,0,0,0,0,0,0,BENIGN
10.42.0.42-64.71.142.96-44841-443-6,64.71.142.96,443,10.42.0.42,44841,6,11/08/2017 10:14:22,841656,4,5,52.0,0.0,46.0,2.0,13.0,22.0,0.0,0.0,0.0,0.0,61.782961209805435,10.693204824774018,105207.0,90805.09225494224,215299.0,2474.0,623883.0,207961.0,159411.92775009028,300101.0,23888.0,732145.0,183036.25,163635.79864519255,396660.0,18717.0,1,0,0,0,80,148,4.752535477677341,5.9406693470966765,0.0,46.0,5.4,14.299961149908377,204.4888888888889,0,1,0,0,1,0,0,0,1.0,6.0,13.0,0.0,80,0,0,0,0,0,0,4,52,5,0,37,3604,3,20,0,0,0,0,0,0,0,0,BENIGN
10.42.0.42-64.71.142.96-44841-443-6,64.71.142.96,443,10.42.0.42,44841,6,11/08/2017 10:14:23,2187052,5,6,15.0,0.0,3.0,3.0,3.0,0.0,0.0,0.0,0.0,0.0,6.858547487668331,5.029601490956776,218705.19999999998,291726.70967869146,984887.0,2038.0,1200127.0,300031.75,257.77170131727684,300377.0,299771.0,2178445.0,435689.0,355481.6416884281,984887.0,75169.0,1,0,0,0,100,180,2.286182495889444,2.7434189950673327,0.0,3.0,1.5,1.5666989036012806,2.4545454545454546,0,1,0,0,1,0,0,0,1.0,1.6363636363636365,3.0,0.0,100,0,0,0,0,0,0,5,15,6,0,37,3604,4,20,0,0,0,0,0,0,0,0,BENIGN
10.42.0.42-66.198.24.224-33740-443-6,10.42.0.42,33740,66.198.24.224,443,6,11/08/2017 10:10:47,8583134,24,34,1279.0,33522.0,410.0,0.0,53.29166666666666,102.26456701451714,1460.0,0.0,985.9411764705884,640.5460237610954,4054.57959761551,6.7574384834257515,150581.29824561396,1095137.83038436,8273323.0,7.0,8583134.0,373179.7391304348,1729123.1502724732,8304926.0,36.0,8510301.0,257887.9090909091,1444906.5700169718,8306343.0,7.0,0,0,0,0,500,692,2.7961814414175525,3.961257042008199,0.0,1460.0,589.8474576271186,674.3068935391802,454689.78667445935,0,0,0,1,0,0,0,0,1.0,600.0172413793103,53.291666666666664,985.9411764705883,500,0,0,0,0,0,0,24,1279,34,33522,65535,35,9,20,226163.0,0.0,226163.0,226163.0,8273323.0,0.0,8273323.0,8273323.0,BENIGN
10.42.0.42-66.198.24.224-33740-443-6,10.42.0.42,33740,66.198.24.224,443,6,11/08/2017 10:14:25,217,1,2,46.0,31.0,46.0,46.0,46.0,0.0,31.0,0.0,15.5,21.920310216782973,354838.7096774194,13824.884792626728,108.5,119.50104602052653,193.0,24.0,0,0,0,0,0,24.0,24.0,0.0,24.0,24.0,1,0,0,0,20,40,4608.294930875576,9216.589861751152,0.0,46.0,30.75,21.68524844220144,470.25,0,1,0,0,1,0,0,0,2.0,41.0,46.0,15.5,20,0,0,0,0,0,0,1,46,2,31,35,35,0,20,0,0,0,0,0,0,0,0,BENIGN
10.42.0.42-66.198.24.224-33740-443-6,10.42.0.42,33740,66.198.24.224,443,6,11/08/2017 10:14:25,1434,2,0,0.0,0.0,0.0,0.0,0.0,0.0,0,0,0,0,0.0,1394.700139470014,1434.0,0.0,1434.0,1434.0,1434.0,1434.0,0.0,1434.0,1434.0,0,0,0,0,0,0,0,0,0,40,0,1394.700139470014,0.0,0.0,0.0,0.0,0.0,0.0,0,0,0,0,1,0,0,0,0.0,0.0,0.0,0.0,40,0,0,0,0,0,0,2,0,0,0,2555,-1,0,20,0,0,0,0,0,0,0,0,BENIGN
10.42.0.42-66.198.24.224-33740-443-6,66.198.24.224,443,10.42.0.42,33740,6,11/08/2017 10:14:25,97212,2,2,46.0,0.0,46.0,0.0,23.0,32.526911934581186,0.0,0.0,0.0,0.0,473.1926099658478,41.147183475291115,32404.0,46599.583699857234,86145.0,3199.0,94013.0,94013.0,0.0,94013.0,94013.0,89344.0,89344.0,0.0,89344.0,89344.0,0,0,0,0,40,52,20.573591737645557,20.573591737645557,0.0,46.0,9.2,20.571825392998065,423.2,0,0,0,0,1,1,0,0,1.0,11.5,23.0,0.0,40,0,0,0,0,0,0,2,46,2,0,35,2555,1,20,0,0,0,0,0,0,0,0,BENIGN
10.42.0.42-66.198.24.224-33740-443-6,10.42.0.42,33740,66.198.24.224,443,6,11/08/2017 10:14:25,488061,3,2,0.0,47.0,0.0,0.0,0.0,0.0,46.0,1.0,23.5,31.81980515339464,96.29943798008856,10.244621061711548,122015.25,135186.90260123822,271785.0,5180.0,488061.0,244030.5,46576.416569976696,276965.0,211096.0,281932.0,281932.0,0.0,281932.0,281932.0,0,0,0,0,84,40,6.146772637026928,4.097848424684619,0.0,46.0,7.833333333333334,18.702049798529217,349.7666666666667,0,0,0,0,1,0,0,0,0.0,9.4,0.0,23.5,84,0,0,0,0,0,0,3,0,2,47,2555,35,0,20,0,0,0,0,0,0,0,0,BENIGN
10.42.0.42-66.198.24.224-33740-443-6,10.42.0.42,33740,66.198.24.224,443,6,11/08/2017 10:14:26,956457,5,4,0.0,8.0,0.0,0.0,0.0,0.0,2.0,2.0,2.0,0.0,8.364202468067043,9.409727776575423,119557.125,123721.47386360278,295079.0,5290.0,956457.0,239114.25,210280.09497235666,482300.0,15031.0,900031.0,300010.3333333333,329.18434551681423,300369.0,299722.0,0,0,0,0,148,80,5.227626542541902,4.182101234033522,0.0,2.0,0.7999999999999999,1.0327955589886444,1.0666666666666667,0,0,0,0,1,0,0,0,0.0,0.8888888888888888,0.0,2.0,148,0,0,0,0,0,0,5,0,4,8,2555,35,0,20,0,0,0,0,0,0,0,0,BENIGN
10.42.0.42-66.198.24.224-33740-443-6,10.42.0.42,33740,66.198.24.224,443,6,11/08/2017 10:14:27,1915879,8,6,0.0,61.0,0.0,0.0,0.0,0.0,46.0,3.0,10.166666666666666,17.55467648994611,31.839171471684796,7.307350829567002,147375.3076923077,117942.49712916928,329187.0,2865.0,1915879.0,273696.99999999994,149379.52379202892,427263.0,11257.0,1442041.0,288408.2,25608.723468771335,301132.0,242622.0,0,0,0,0,244,120,4.1756290454668585,3.131721784100144,0.0,46.0,4.066666666666666,11.689229882164831,136.63809523809522,0,0,0,0,1,0,0,0,0.0,4.357142857142857,0.0,10.166666666666666,244,0,0,0,0,0,0,8,0,6,61,2555,35,0,20,0,0,0,0,0,0,0,0,BENIGN
10.42.0.42-66.198.178.90-52782-443-6,10.42.0.42,52782,66.198.178.90,443,6,11/08/2017 10:10:59,347887,14,12,1064.0,4381.0,544.0,0.0,76.0,147.31598691248686,1460.0,0.0,365.0833333333333,573.9440039733578,15651.63400759442,74.73691169833883,13915.48,35085.75816139648,168692.0,14.0,287257.0,22096.692307692305,55079.573268113076,202088.0,60.0,314491.0,28590.090909090908,58697.53011405939,193948.0,14.0,0,0,0,0,300,252,40.24295245295168,34.49395924538715,0.0,1460.0,201.66666666666666,415.4642445043117,172610.5384615385,0,0,0,1,0,0,0,0,0.0,209.42307692307693,76.0,365.0833333333333,300,0,0,0,0,0,0,14,1064,12,4381,65535,33,7,20,0,0,0,0,0,0,0,0,BENIGN
10.42.0.42-66.198.178.90-52782-443-6,10.42.0.42,52782,66.198.178.90,443,6,11/08/2017 10:14:29,40,1,2,46.0,31.0,46.0,46.0,46.0,0.0,31.0,0.0,15.5,21.920310216782973,1924999.9999999998,75000.0,20.0,14.142135623730951,30.0,10.0,0,0,0,0,0,10.0,10.0,0.0,10.0,10.0,1,0,0,0,20,40,24999.999999999996,49999.99999999999,0.0,46.0,30.75,21.68524844220144,470.25,0,1,0,0,1,0,0,0,2.0,41.0,46.0,15.5,20,0,0,0,0,0,0,1,46,2,31,33,33,0,20,0,0,0,0,0,0,0,0,BENIGN
10.42.0.42-66.198.178.90-52782-443-6,10.42.0.42,52782,66.198.178.90,443,6,11/08/2017 10:14:30,1111,2,0,0.0,0.0,0.0,0.0,0.0,0.0,0,0,0,0,0.0,1800.1800180018001,1111.0,0.0,1111.0,1111.0,1111.0,1111.0,0.0,1111.0,1111.0,0,0,0,0,0,0,0,0,0,40,0,1800.1800180018001,0.0,0.0,0.0,0.0,0.0,0.0,0,0,0,0,1,0,0,0,0.0,0.0,0.0,0.0,40,0,0,0,0,0,0,2,0,0,0,1597,-1,0,20,0,0,0,0,0,0,0,0,BENIGN
10.42.0.42-66.198.178.90-52782-443-6,66.198.178.90,443,10.42.0.42,52782,6,11/08/2017 10:14:30,455258,3,4,47.0,0.0,46.0,0.0,15.666666666666668,26.27419519858474,0.0,0.0,0.0,0.0,103.23816385434193,15.375896744263692,75876.33333333333,84551.30897784296,212178.0,4106.0,299985.0,149992.5,98760.8970215439,219827.0,80158.0,451152.0,150384.0,176446.47794444638,350454.0,16997.0,0,0,0,0,60,116,6.589670033255868,8.786226711007824,0.0,46.0,5.874999999999999,16.216724171581102,262.98214285714283,0,0,0,0,1,1,0,0,1.0,6.714285714285714,15.666666666666666,0.0,60,0,0,0,0,0,0,3,47,4,0,33,1597,2,20,0,0,0,0,0,0,0,0,BENIGN
10.42.0.42-66.198.178.90-52782-443-6,66.198.178.90,443,10.42.0.42,52782,6,11/08/2017 10:14:30,946249,5,5,98.0,0.0,46.0,2.0,19.6,24.099792530227308,0.0,0.0,0.0,0.0,103.56682014987598,10.568042872436324,105138.77777777778,112264.97457107647,296986.0,3142.0,920093.0,230023.25,114954.27498901465,300128.0,59952.0,936474.0,234118.5,170379.49436380737,449141.0,53319.0,1,0,0,0,100,148,5.284021436218162,5.284021436218162,0.0,46.0,13.090909090909092,21.153980927733414,447.490909090909,0,1,0,0,1,0,0,0,1.0,14.4,19.6,0.0,100,0,0,0,0,0,0,5,98,5,0,33,1597,4,20,0,0,0,0,0,0,0,0,BENIGN
10.42.0.42-66.198.178.90-52782-443-6,10.42.0.42,52782,66.198.178.90,443,6,11/08/2017 10:14:31,2037141,7,5,0.0,15.0,0.0,0.0,0.0,0.0,3.0,3.0,3.0,0.0,7.363260569592384,5.890608455673908,185194.63636363638,184708.90562302226,632260.0,5413.0,2037141.0,339523.5,232174.70959064426,632260.0,16251.0,1200070.0,300017.5,126.4660692307191,300201.0,299911.0,0,0,0,0,212,100,3.4361882658097795,2.4544201898641282,0.0,3.0,1.1538461538461537,1.5191090506255,2.307692307692308,0,0,0,0,1,0,0,0,0.0,1.25,0.0,3.0,212,0,0,0,0,0,0,7,0,5,15,1597,33,0,20,0,0,0,0,0,0,0,0,BENIGN
10.42.0.42-64.71.142.96-44841-443-6,10.42.0.42,44841,64.71.142.96,443,6,11/08/2017 10:14:30,8980860,2,0,0.0,0.0,0.0,0.0,0.0,0.0,0,0,0,0,0.0,0.2226958220036834,8980860.0,0.0,8980860.0,8980860.0,8980860.0,8980860.0,0.0,8980860.0,8980860.0,0,0,0,0,0,0,0,0,0,40,0,0.2226958220036834,0.0,0.0,0.0,0.0,0.0,0.0,0,0,0,0,1,1,0,0,0.0,0.0,0.0,0.0,40,0,0,0,0,0,0,2,0,0,0,3604,-1,0,20,0,0,0,0,0,0,0,0,BENIGN
10.42.0.42-66.198.24.224-33740-443-6,10.42.0.42,33740,66.198.24.224,443,6,11/08/2017 10:14:33,7698057,2,0,0.0,0.0,0.0,0.0,0.0,0.0,0,0,0,0,0.0,0.2598058185331701,7698057.0,0.0,7698057.0,7698057.0,7698057.0,7698057.0,0.0,7698057.0,7698057.0,0,0,0,0,0,0,0,0,0,40,0,0.2598058185331701,0.0,0.0,0.0,0.0,0.0,0.0,0,0,0,0,1,1,0,0,0.0,0.0,0.0,0.0,40,0,0,0,0,0,0,2,0,0,0,2555,-1,0,20,0,0,0,0,0,0,0,0,BENIGN
172.217.9.234-10.42.0.42-443-58744-6,10.42.0.42,58744,172.217.9.234,443,6,11/08/2017 10:10:43,225473,14,15,739.0,5744.0,251.0,0.0,52.78571428571428,79.57113756925895,1418.0,0.0,382.9333333333334,543.8285531655131,28752.888372443707,128.61850421114724,8052.607142857141,11991.55619697178,37198.0,8.0,188400.0,14492.307692307693,19812.466165626694,59266.0,121.0,188379.0,13455.642857142857,18827.90914331146,51430.0,8.0,0,0,0,0,456,488,62.09169168814004,66.52681252300718,0.0,1418.0,216.09999999999997,417.7280380739404,174496.7137931034,0,0,0,1,0,0,0,0,1.0,223.55172413793105,52.785714285714285,382.93333333333334,456,0,0,0,0,0,0,14,739,15,5744,65535,175,8,32,0,0,0,0,0,0,0,0,BENIGN
172.217.9.234-10.42.0.42-443-58744-6,10.42.0.42,58744,172.217.9.234,443,6,11/08/2017 10:14:43,30,1,1,55.0,0.0,55.0,55.0,55.0,0.0,0.0,0.0,0.0,0.0,1833333.3333333333,66666.66666666667,30.0,0.0,30.0,30.0,0,0,0,0,0,0,0,0,0,0,1,0,0,0,32,32,33333.333333333336,33333.333333333336,0.0,55.0,36.66666666666667,31.754264805429415,1008.3333333333333,0,1,0,0,1,0,0,0,1.0,55.0,55.0,0.0,32,0,0,0,0,0,0,1,55,1,0,175,175,0,32,0,0,0,0,0,0,0,0,BENIGN
172.217.9.234-10.42.0.42-443-58744-6,172.217.9.234,443,10.42.0.42,58744,6,11/08/2017 10:14:43,86276,1,2,0.0,0.0,0.0,0.0,0.0,0.0,0.0,0.0,0.0,0.0,0.0,34.772126663266725,43138.0,59084.428422385536,84917.0,1359.0,0,0,0,0,0,1359.0,1359.0,0.0,1359.0,1359.0,0,0,0,0,32,76,11.590708887755575,23.18141777551115,0.0,0.0,0.0,0.0,0.0,0,0,0,0,1,1,0,0,2.0,0.0,0.0,0.0,32,0,0,0,0,0,0,1,0,2,0,175,1681,0,32,0,0,0,0,0,0,0,0,BENIGN
172.217.10.106-10.42.0.42-443-40259-6,10.42.0.42,40259,172.217.10.106,443,6,11/08/2017 10:09:24,81363868,51,71,2240.0,90341.0,993.0,0.0,43.92156862745099,195.42260290327266,1418.0,0.0,1272.408450704225,371.73937019925233,1137.8637996905456,1.4994370719936767,672428.6611570246,7262105.415218282,7.9894627E7,1.0,8.1363868E7,1627277.3599999996,1.1294739091015566E7,7.9894627E7,2.0,8.1320836E7,1161726.228571428,9573404.54519586,8.0113149E7,1.0,0,0,0,0,1832,2280,0.6268138579645698,0.8726232140291069,0.0,1418.0,752.6910569105692,683.2117753678816,466778.3300013328,0,0,0,1,0,0,0,0,1.0,758.860655737705,43.92156862745098,1272.4084507042253,1832,0,0,0,0,0,0,51,2240,71,90341,65535,192,4,32,1211763.0,0.0,1211763.0,1211763.0,7.9894627E7,0.0,7.9894627E7,7.9894627E7,BENIGN
10.42.0.42-66.198.178.90-52782-443-6,10.42.0.42,52782,66.198.178.90,443,6,11/08/2017 10:14:37,8169318,2,0,0.0,0.0,0.0,0.0,0.0,0.0,0,0,0,0,0.0,0.244818478115309,8169318.0,0.0,8169318.0,8169318.0,8169318.0,8169318.0,0.0,8169318.0,8169318.0,0,0,0,0,0,0,0,0,0,40,0,0.244818478115309,0.0,0.0,0.0,0.0,0.0,0.0,0,0,0,0,1,1,0,0,0.0,0.0,0.0,0.0,40,0,0,0,0,0,0,2,0,0,0,1597,-1,0,20,0,0,0,0,0,0,0,0,BENIGN
172.217.10.78-10.42.0.42-443-58219-6,10.42.0.42,58219,172.217.10.78,443,6,11/08/2017 10:10:46,241355,14,10,9380.0,751.0,1368.0,0.0,670.0,656.903809841757,425.0,0.0,75.1,137.43640953789017,41975.51324811999,99.43858631476456,10493.695652173914,15296.270958025812,38319.0,5.0,241355.0,18565.769230769227,22232.006305301693,63729.0,5.0,163188.0,18131.999999999996,22520.95991515459,53995.0,29.0,0,0,0,0,456,328,58.005842016946,41.432744297818566,0.0,1368.0,405.23999999999995,577.9023331555832,333971.10666666663,0,0,0,1,0,0,0,0,0.0,422.125,670.0,75.1,456,0,0,0,0,0,0,14,9380,10,751,65535,249,9,32,0,0,0,0,0,0,0,0,BENIGN
172.217.10.78-10.42.0.42-443-58219-6,10.42.0.42,58219,172.217.10.78,443,6,11/08/2017 10:14:46,244432,2,1,0.0,0.0,0.0,0.0,0.0,0.0,0.0,0.0,0.0,0.0,0.0,12.273352097924985,122216.0,154734.76271348982,231630.0,12802.0,231630.0,231630.0,0.0,231630.0,231630.0,0,0,0,0,0,0,0,0,0,64,32,8.18223473194999,4.091117365974995,0.0,0.0,0.0,0.0,0.0,0,0,0,0,1,1,0,0,0.0,0.0,0.0,0.0,64,0,0,0,0,0,0,2,0,1,0,249,249,0,32,0,0,0,0,0,0,0,0,BENIGN
172.217.10.106-10.42.0.42-443-50923-6,10.42.0.42,50923,172.217.10.106,443,6,11/08/2017 10:10:48,111680,2,4,1207.0,834.0,1207.0,0.0,603.5,853.4778848921628,550.0,0.0,208.5,253.15805339747737,18275.429799426933,53.72492836676218,22336.000000000004,27159.258301728343,62522.0,12.0,111680.0,111680.0,0.0,111680.0,111680.0,62590.0,20863.333333333336,36077.47032890933,62522.0,12.0,1,0,0,0,64,128,17.908309455587393,35.816618911174785,0.0,1207.0,463.99999999999994,543.5656967346879,295463.6666666667,0,1,0,0,1,0,0,0,2.0,541.3333333333334,603.5,208.5,64,0,0,0,0,0,0,2,1207,4,834,1593,192,0,32,0,0,0,0,0,0,0,0,BENIGN
172.217.10.106-10.42.0.42-443-54293-6,10.42.0.42,54293,172.217.10.106,443,6,11/08/2017 10:10:48,346383,8,8,1490.0,1034.0,1213.0,0.0,186.24999999999997,422.1600069032729,550.0,0.0,129.25,201.67495063662645,7286.731739144242,46.19164335432166,23092.2,32395.92455012116,109331.0,9.0,346383.0,49483.28571428572,52427.72473832996,153218.0,642.0,274309.0,39187.00000000001,43012.733971077294,109331.0,9.0,0,0,0,0,264,264,23.09582167716083,23.09582167716083,0.0,1213.0,148.47058823529412,313.11541754739955,98041.26470588236,0,0,0,1,0,0,0,0,1.0,157.75,186.25,129.25,264,0,0,0,0,0,0,8,1490,8,1034,65535,181,3,32,0,0,0,0,0,0,0,0,BENIGN
172.217.10.106-10.42.0.42-443-56478-6,10.42.0.42,56478,172.217.10.106,443,6,11/08/2017 10:10:49,256481,9,9,682.0,4883.0,331.0,0.0,75.77777777777777,124.6903943551565,1418.0,0.0,542.5555555555555,564.5945693838878,21697.513655982315,70.18063716220695,15087.117647058823,21601.615798599283,73012.0,21.0,256481.0,32060.125,27482.850457473607,77946.0,2090.0,215323.0,26915.375,39018.17365183819,90475.0,21.0,0,0,0,0,296,296,35.090318581103475,35.090318581103475,0.0,1418.0,292.89473684210526,456.16382227061587,208085.432748538,0,0,0,1,0,0,0,0,1.0,309.1666666666667,75.77777777777777,542.5555555555555,296,0,0,0,0,0,0,9,682,9,4883,65535,175,3,32,0,0,0,0,0,0,0,0,BENIGN
172.217.10.112-10.42.0.42-443-55613-6,10.42.0.42,55613,172.217.10.112,443,6,11/08/2017 10:10:49,612816,18,12,1872.0,10704.0,260.0,0.0,104.0,123.03801421177306,1418.0,0.0,892.0,501.1359822715515,20521.657397979165,48.954335395942664,21131.58620689655,17701.408054399923,51409.0,24.0,612816.0,36048.0,24823.425939523335,82924.0,986.0,571610.0,51964.54545454545,41460.00191838788,134464.0,24.0,0,0,0,0,584,392,29.372601237565597,19.581734158377063,0.0,1418.0,405.6774193548387,505.3288953474938,255357.29247311834,0,0,0,1,0,0,0,0,0.0,419.2,104.0,892.0,584,0,0,0,0,0,0,18,1872,12,10704,65535,195,8,32,0,0,0,0,0,0,0,0,BENIGN
203.90.242.126-10.42.0.42-443-37848-6,10.42.0.42,37848,203.90.242.126,443,6,11/08/2017 10:12:54,119982517,3,2,108.0,0.0,36.0,36.0,36.0,0.0,0.0,0.0,0.0,0.0,0.9001311416062392,0.041672738037325886,2.999562925E7,3.434835896398758E7,5.9751246E7,248875.0,1.19982517E8,5.99912585E7,13109.052616417404,6.0000528E7,5.9981989E7,6.0000121E7,6.0000121E7,0.0,6.0000121E7,6.0000121E7,1,0,0,0,96,64,0.025003642822395533,0.016669095214930357,0.0,36.0,24.0,18.5903200617956,345.6,0,1,0,0,1,0,0,0,0.0,28.8,36.0,0.0,96,0,0,0,0,0,0,3,108,2,0,1595,244,2,32,249078.5,287.79245994292484,249282.0,248875.0,5.974218E7,12821.26015647448,5.9751246E7,5.9733114E7,BENIGN
10.42.0.42-66.231.239.96-36350-443-6,10.42.0.42,36350,66.231.239.96,443,6,11/08/2017 10:10:55,48318207,831,2031,5720.0,2860573.0,569.0,0.0,6.88327316486162,35.241194362803,1460.0,0.0,1408.455440669622,207.88626309341856,59321.178867419476,59.232330371861686,16888.572876616523,234636.33673147557,3948492.0,-1.0,4.8318207E7,58214.7072289157,433132.7594328197,3948492.0,2.0,4.8259115E7,23772.96305418717,284209.4979967686,4016935.0,1.0,0,0,0,0,17252,40632,17.1984858626894,42.03384450917229,0.0,1460.0,1001.1501921061829,660.4002924495355,436128.546267432,0,0,0,1,0,0,0,0,2.0,1001.5,6.883273164861612,1408.4554406696209,17252,0,0,0,0,0,0,831,5720,2031,2860573,65535,67,42,20,0,0,0,0,0,0,0,0,BENIGN
10.42.0.42-66.231.239.96-36350-443-6,10.42.0.42,36350,66.231.239.96,443,6,11/08/2017 10:15:13,41,1,2,46.0,31.0,46.0,46.0,46.0,0.0,31.0,0.0,15.5,21.920310216782973,1878048.780487805,73170.73170731707,20.5,13.435028842544403,30.0,11.0,0,0,0,0,0,11.0,11.0,0.0,11.0,11.0,1,0,0,0,20,40,24390.243902439022,48780.487804878045,0.0,46.0,30.75,21.68524844220144,470.25,0,1,0,0,1,0,0,0,2.0,41.0,46.0,15.5,20,0,0,0,0,0,0,1,46,2,31,67,67,0,20,0,0,0,0,0,0,0,0,BENIGN
10.42.0.42-66.231.239.96-36350-443-6,66.231.239.96,443,10.42.0.42,36350,6,11/08/2017 10:15:14,225198,2,4,46.0,0.0,46.0,0.0,23.0,32.526911934581186,0.0,0.0,0.0,0.0,204.26469151591044,26.643220632510058,45039.600000000006,57242.34629887214,112933.0,7.0,112933.0,112933.0,0.0,112933.0,112933.0,10331.0,3443.6666666666665,5898.8691571633735,10255.0,7.0,0,0,0,0,40,104,8.881073544170018,17.762147088340036,0.0,46.0,6.571428571428571,17.386365758424454,302.2857142857143,0,0,0,0,1,1,0,0,2.0,7.666666666666667,23.0,0.0,40,0,0,0,0,0,0,2,46,4,0,67,9445,1,20,0,0,0,0,0,0,0,0,BENIGN
10.42.0.42-66.231.239.96-36350-443-6,66.231.239.96,443,10.42.0.42,36350,6,11/08/2017 10:15:14,180008,1,2,1.0,0.0,1.0,1.0,1.0,0.0,0.0,0.0,0.0,0.0,5.555308652948757,16.665925958846273,90004.0,106995.15548846126,165661.0,14347.0,0,0,0,0,0,165661.0,165661.0,0.0,165661.0,165661.0,1,0,0,0,20,52,5.555308652948757,11.110617305897515,0.0,1.0,0.5,0.5773502691896257,0.3333333333333333,0,1,0,0,1,0,0,0,2.0,0.6666666666666666,1.0,0.0,20,0,0,0,0,0,0,1,1,2,0,67,9445,0,20,0,0,0,0,0,0,0,0,BENIGN
10.42.0.42-66.231.239.96-36350-443-6,66.231.239.96,443,10.42.0.42,36350,6,11/08/2017 10:15:14,400750,1,2,1.0,0.0,1.0,1.0,1.0,0.0,0.0,0.0,0.0,0.0,2.495321272613849,7.485963817841547,200375.0,56702.89278334925,240470.0,160280.0,0,0,0,0,0,160280.0,160280.0,0.0,160280.0,160280.0,1,0,0,0,20,52,2.495321272613849,4.990642545227698,0.0,1.0,0.5,0.5773502691896257,0.3333333333333333,0,1,0,0,1,0,0,0,2.0,0.6666666666666666,1.0,0.0,20,0,0,0,0,0,0,1,1,2,0,67,9445,0,20,0,0,0,0,0,0,0,0,BENIGN
172.217.10.106-10.42.0.42-443-32778-6,10.42.0.42,32778,172.217.10.106,443,6,11/08/2017 10:11:15,1006061,22,23,16820.0,5040.0,1368.0,0.0,764.5454545454545,613.6222451478269,1418.0,0.0,219.13043478260872,447.3130187674994,21728.30474494091,44.72889814832301,22865.022727272728,68683.79519843045,420310.0,6.0,1006061.0,47907.66666666667,100555.22305894077,420310.0,6.0,961425.0,43701.13636363637,106868.00106820496,479660.0,7.0,0,0,0,0,712,744,21.867461316957915,22.861436831365094,0.0,1418.0,475.21739130434776,594.1371675909895,352998.9739130435,0,0,0,1,0,0,0,0,1.0,485.77777777777777,764.5454545454545,219.1304347826087,712,0,0,0,0,0,0,22,16820,23,5040,65535,315,16,32,0,0,0,0,0,0,0,0,BENIGN
172.217.10.106-10.42.0.42-443-50213-6,10.42.0.42,50213,172.217.10.106,443,6,11/08/2017 10:11:16,205308,9,8,3705.0,726.0,1368.0,0.0,411.6666666666667,586.3194521760302,549.0,0.0,90.75,191.65500999750267,21582.208194517505,82.8024236756483,12831.75,15597.754208004862,37268.0,33.0,205308.0,25663.5,27712.28138260312,73415.0,111.0,163946.0,23420.857142857145,20146.700188273775,43899.0,33.0,0,0,0,0,296,264,43.8365772400491,38.9658464355992,0.0,1368.0,246.16666666666666,454.23694905011075,206331.20588235292,0,0,0,1,0,0,0,0,0.0,260.6470588235294,411.6666666666667,90.75,296,0,0,0,0,0,0,9,3705,8,726,65535,202,5,32,0,0,0,0,0,0,0,0,BENIGN
216.58.217.132-10.42.0.42-443-43005-6,10.42.0.42,43005,216.58.217.132,443,6,11/08/2017 10:09:35,102544089,14,17,2887.0,5316.0,1368.0,0.0,206.2142857142857,465.9264020077765,1418.0,0.0,312.70588235294116,475.15652219898584,79.99485957693769,0.3023089902334595,3418136.3000000007,1.8631989437994543E7,1.02067918E8,14.0,1.02544089E8,7888006.846153847,2.8297569842223015E7,1.02067918E8,85.0,1.02499711E8,6406231.9375,2.5534835215876043E7,1.02161773E8,14.0,0,0,0,0,456,552,0.13652664075059462,0.16578234948286488,0.0,1418.0,256.34375000000006,461.0441592015574,212561.716733871,0,0,0,1,0,0,0,0,1.0,264.61290322580646,206.21428571428572,312.70588235294116,456,0,0,0,0,0,0,14,2887,17,5316,65535,192,5,32,318308.0,0.0,318308.0,318308.0,1.02067918E8,0.0,1.02067918E8,1.02067918E8,BENIGN
216.58.217.132-10.42.0.42-443-43005-6,10.42.0.42,43005,216.58.217.132,443,6,11/08/2017 10:15:17,245789,1,1,0.0,0.0,0.0,0.0,0.0,0.0,0.0,0.0,0.0,0.0,0.0,8.137060649581551,245789.0,0.0,245789.0,245789.0,0,0,0,0,0,0,0,0,0,0,0,0,0,0,32,32,4.068530324790776,4.068530324790776,0.0,0.0,0.0,0.0,0.0,0,0,0,0,1,1,0,0,1.0,0.0,0.0,0.0,32,0,0,0,0,0,0,1,0,1,0,192,192,0,32,0,0,0,0,0,0,0,0,BENIGN
10.42.0.42-66.231.239.96-36350-443-6,10.42.0.42,36350,66.231.239.96,443,6,11/08/2017 10:15:16,2071431,2,0,0.0,0.0,0.0,0.0,0.0,0.0,0,0,0,0,0.0,0.9655161093949062,2071431.0,0.0,2071431.0,2071431.0,2071431.0,2071431.0,0.0,2071431.0,2071431.0,0,0,0,0,0,0,0,0,0,40,0,0.9655161093949062,0.0,0.0,0.0,0.0,0.0,0.0,0,0,0,0,1,1,0,0,0.0,0.0,0.0,0.0,40,0,0,0,0,0,0,2,0,0,0,9445,-1,0,20,0,0,0,0,0,0,0,0,BENIGN
10.42.0.42-66.198.24.224-33740-443-6,10.42.0.42,33740,66.198.24.224,443,6,11/08/2017 10:14:56,30759029,2,0,0.0,0.0,0.0,0.0,0.0,0.0,0,0,0,0,0.0,0.06502155838534435,3.0759029E7,0.0,3.0759029E7,3.0759029E7,3.0759029E7,3.0759029E7,0.0,3.0759029E7,3.0759029E7,0,0,0,0,0,0,0,0,0,40,0,0.06502155838534435,0.0,0.0,0.0,0.0,0.0,0.0,0,0,0,0,1,1,0,0,0.0,0.0,0.0,0.0,40,0,0,0,0,0,0,2,0,0,0,2555,-1,0,20,0,0,0,0,0,0,0,0,BENIGN
10.42.0.42-66.231.239.96-36350-443-6,10.42.0.42,36350,66.231.239.96,443,6,11/08/2017 10:15:22,8336974,2,0,0.0,0.0,0.0,0.0,0.0,0.0,0,0,0,0,0.0,0.23989519458738867,8336974.0,0.0,8336974.0,8336974.0,8336974.0,8336974.0,0.0,8336974.0,8336974.0,0,0,0,0,0,0,0,0,0,40,0,0.23989519458738867,0.0,0.0,0.0,0.0,0.0,0.0,0,0,0,0,1,1,0,0,0.0,0.0,0.0,0.0,40,0,0,0,0,0,0,2,0,0,0,9445,-1,0,20,0,0,0,0,0,0,0,0,BENIGN
10.42.0.42-64.71.142.96-44841-443-6,10.42.0.42,44841,64.71.142.96,443,6,11/08/2017 10:14:56,35868078,2,0,0.0,0.0,0.0,0.0,0.0,0.0,0,0,0,0,0.0,0.05575988766389992,3.5868078E7,0.0,3.5868078E7,3.5868078E7,3.5868078E7,3.5868078E7,0.0,3.5868078E7,3.5868078E7,0,0,0,0,0,0,0,0,0,40,0,0.05575988766389992,0.0,0.0,0.0,0.0,0.0,0.0,0,0,0,0,1,1,0,0,0.0,0.0,0.0,0.0,40,0,0,0,0,0,0,2,0,0,0,3604,-1,0,20,0,0,0,0,0,0,0,0,BENIGN
10.42.0.42-66.198.178.90-52782-443-6,10.42.0.42,52782,66.198.178.90,443,6,11/08/2017 10:15:02,32668932,2,0,0.0,0.0,0.0,0.0,0.0,0.0,0,0,0,0,0.0,0.06122024435938096,3.2668932E7,0.0,3.2668932E7,3.2668932E7,3.2668932E7,3.2668932E7,0.0,3.2668932E7,3.2668932E7,0,0,0,0,0,0,0,0,0,40,0,0.06122024435938096,0.0,0.0,0.0,0.0,0.0,0.0,0,0,0,0,1,1,0,0,0.0,0.0,0.0,0.0,40,0,0,0,0,0,0,2,0,0,0,1597,-1,0,20,0,0,0,0,0,0,0,0,BENIGN
216.58.217.132-10.42.0.42-443-43005-6,10.42.0.42,43005,216.58.217.132,443,6,11/08/2017 10:15:18,28756572,3,0,31.0,0.0,31.0,0.0,10.333333333333332,17.8978583448784,0,0,0,0,1.0780144448371662,0.104323978532629,1.4378286E7,2.0332742355934184E7,2.8755706E7,866.0,2.8756572E7,1.4378286E7,2.0332742355934184E7,2.8755706E7,866.0,0,0,0,0,0,0,0,0,0,108,0,0.104323978532629,0.0,0.0,31.0,7.75,15.500000000000002,240.25000000000003,0,0,0,0,1,0,0,0,0.0,10.333333333333334,10.333333333333334,0.0,108,0,0,0,0,0,0,3,31,0,0,1681,-1,1,32,0,0,0,0,2.8755706E7,0.0,2.8755706E7,2.8755706E7,BENIGN
209.85.201.138-10.42.0.42-443-40615-6,10.42.0.42,40615,209.85.201.138,443,6,11/08/2017 10:13:01,164319,2,0,0.0,0.0,0.0,0.0,0.0,0.0,0,0,0,0,0.0,12.17144700247689,164319.0,0.0,164319.0,164319.0,164319.0,164319.0,0.0,164319.0,164319.0,0,0,0,0,0,0,0,0,0,64,0,12.17144700247689,0.0,0.0,0.0,0.0,0.0,0.0,0,0,0,0,1,1,0,0,0.0,0.0,0.0,0.0,64,0,0,0,0,0,0,2,0,0,0,180,-1,0,32,0,0,0,0,0,0,0,0,BENIGN
209.85.201.138-10.42.0.42-443-40615-6,10.42.0.42,40615,209.85.201.138,443,6,11/08/2017 10:15:46,73,2,0,31.0,0.0,31.0,0.0,15.5,21.920310216782973,0,0,0,0,424657.5342465753,27397.260273972603,73.0,0.0,73.0,73.0,73.0,73.0,0.0,73.0,73.0,0,0,0,0,0,1,0,0,0,64,0,27397.260273972603,0.0,0.0,31.0,20.666666666666664,17.8978583448784,320.33333333333337,0,1,0,0,1,0,0,0,0.0,31.0,15.5,0.0,64,0,0,0,0,0,0,2,31,0,0,1438,-1,0,32,0,0,0,0,0,0,0,0,BENIGN
209.85.201.138-10.42.0.42-443-40615-6,10.42.0.42,40615,209.85.201.138,443,6,11/08/2017 10:15:47,541345,2,0,62.0,0.0,31.0,31.0,31.0,0.0,0,0,0,0,114.5295513951362,3.6945016579076193,541345.0,0.0,541345.0,541345.0,541345.0,541345.0,0.0,541345.0,541345.0,0,0,0,0,0,1,0,0,0,64,0,3.6945016579076193,0.0,31.0,31.0,31.0,0.0,0.0,0,1,0,0,1,1,0,0,0.0,46.5,31.0,0.0,64,0,0,0,0,0,0,2,62,0,0,1438,-1,1,32,0,0,0,0,0,0,0,0,BENIGN
209.85.201.138-10.42.0.42-443-40615-6,10.42.0.42,40615,209.85.201.138,443,6,11/08/2017 10:15:48,2163638,2,0,62.0,0.0,31.0,31.0,31.0,0.0,0,0,0,0,28.655440512692046,0.9243690487965176,2163638.0,0.0,2163638.0,2163638.0,2163638.0,2163638.0,0.0,2163638.0,2163638.0,0,0,0,0,0,1,0,0,0,64,0,0.9243690487965176,0.0,31.0,31.0,31.0,0.0,0.0,0,1,0,0,1,1,0,0,0.0,46.5,31.0,0.0,64,0,0,0,0,0,0,2,62,0,0,1438,-1,1,32,0,0,0,0,0,0,0,0,BENIGN
8.0.6.4-8.6.0.1-0-0-0,8.6.0.1,0,8.0.6.4,0,0,11/08/2017 10:13:06,102358656,6,0,0.0,0.0,0.0,0.0,0.0,0.0,0,0,0,0,0.0,0.05861741678202575,2.04717312E7,2.784823674597673E7,5.2664612E7,71459.0,1.02358656E8,2.04717312E7,2.784823674597673E7,5.2664612E7,71459.0,0,0,0,0,0,0,0,0,0,0,0,0.05861741678202575,0.0,0.0,0.0,0.0,0.0,0.0,0,0,0,0,0,0,0,0,0.0,0.0,0.0,0.0,0,0,0,0,0,0,0,6,0,0,0,-1,-1,0,0,123106.5,73040.59496266443,174754.0,71459.0,5.09489315E7,2426338.631799053,5.2664612E7,4.9233251E7,BENIGN
180.163.255.159-10.42.0.42-443-59888-6,10.42.0.42,59888,180.163.255.159,443,6,11/08/2017 10:10:49,4621556,16,11,2911.0,7158.0,530.0,0.0,181.93749999999997,239.5327308880076,1460.0,0.0,650.7272727272727,556.1537720647215,2178.703449660677,5.842188215397584,177752.15384615381,286680.2130731303,1104783.0,6.0,4621556.0,308103.73333333334,326671.66411933437,1104783.0,62.0,4274746.0,427474.6,539329.5475677185,1459750.0,6.0,0,0,0,0,376,232,3.4620374609763465,2.3801507544212384,0.0,1460.0,359.6071428571429,452.16969440651656,204457.43253968257,0,0,0,1,0,0,0,0,0.0,372.9259259259259,181.9375,650.7272727272727,376,0,0,0,0,0,0,16,2911,11,7158,65535,37,7,20,0,0,0,0,0,0,0,0,BENIGN
180.163.255.159-10.42.0.42-443-59888-6,10.42.0.42,59888,180.163.255.159,443,6,11/08/2017 10:15:53,32,1,1,31.0,0.0,31.0,31.0,31.0,0.0,0.0,0.0,0.0,0.0,968750.0,62500.0,32.0,0.0,32.0,32.0,0,0,0,0,0,0,0,0,0,0,1,0,0,0,20,20,31250.0,31250.0,0.0,31.0,20.666666666666664,17.8978583448784,320.33333333333337,0,1,0,0,1,0,0,0,1.0,31.0,31.0,0.0,20,0,0,0,0,0,0,1,31,1,0,37,37,0,20,0,0,0,0,0,0,0,0,BENIGN
10.42.0.42-14.29.93.243-34823-80-6,10.42.0.42,34823,14.29.93.243,80,6,11/08/2017 10:10:42,834466,6,7,389.0,8738.0,389.0,0.0,64.83333333333333,158.8085849904427,1460.0,0.0,1248.2857142857144,550.5033194830934,10937.533704189265,15.578825260705647,69538.83333333333,109315.51441237619,247689.0,14.0,834466.0,166893.2,154729.84672227915,322326.0,46.0,512841.0,85473.5,132245.0839778175,261689.0,14.0,0,0,0,0,140,144,7.190227043402607,8.388598217303041,0.0,1460.0,651.9285714285714,729.9637993432608,532847.1483516484,0,0,0,1,0,0,0,0,1.0,702.0769230769231,64.83333333333333,1248.2857142857142,140,0,0,0,0,0,0,6,389,7,8738,65535,8190,1,20,0,0,0,0,0,0,0,0,BENIGN
209.85.201.138-10.42.0.42-443-40615-6,10.42.0.42,40615,209.85.201.138,443,6,11/08/2017 10:15:55,8662708,2,0,62.0,0.0,31.0,31.0,31.0,0.0,0,0,0,0,7.157115303898042,0.23087468722251747,8662708.0,0.0,8662708.0,8662708.0,8662708.0,8662708.0,0.0,8662708.0,8662708.0,0,0,0,0,0,1,0,0,0,64,0,0.23087468722251747,0.0,31.0,31.0,31.0,0.0,0.0,0,1,0,0,1,1,0,0,0.0,46.5,31.0,0.0,64,0,0,0,0,0,0,2,62,0,0,1438,-1,1,32,0,0,0,0,0,0,0,0,BENIGN
203.90.242.126-10.42.0.42-443-37848-6,10.42.0.42,37848,203.90.242.126,443,6,11/08/2017 10:14:54,74296950,1,1,0.0,0.0,0.0,0.0,0.0,0.0,0.0,0.0,0.0,0.0,0.0,0.026919005423506618,7.429695E7,0.0,7.429695E7,7.429695E7,0,0,0,0,0,0,0,0,0,0,0,0,0,0,32,32,0.013459502711753309,0.013459502711753309,0.0,0.0,0.0,0.0,0.0,0,0,0,0,1,0,0,0,1.0,0.0,0.0,0.0,32,0,0,0,0,0,0,1,0,1,0,244,244,0,32,0,0,0,0,0,0,0,0,BENIGN
10.42.0.42-66.231.239.96-36350-443-6,10.42.0.42,36350,66.231.239.96,443,6,11/08/2017 10:15:47,33360214,2,0,0.0,0.0,0.0,0.0,0.0,0.0,0,0,0,0,0.0,0.0599516537873528,3.3360214E7,0.0,3.3360214E7,3.3360214E7,3.3360214E7,3.3360214E7,0.0,3.3360214E7,3.3360214E7,0,0,0,0,0,0,0,0,0,40,0,0.0599516537873528,0.0,0.0,0.0,0.0,0.0,0.0,0,0,0,0,1,1,0,0,0.0,0.0,0.0,0.0,40,0,0,0,0,0,0,2,0,0,0,9445,-1,0,20,0,0,0,0,0,0,0,0,BENIGN
10.42.0.42-108.168.180.119-50156-443-6,10.42.0.42,50156,108.168.180.119,443,6,11/08/2017 10:13:17,36412314,6,4,102.0,39.0,37.0,0.0,17.0,17.052858997833766,39.0,0.0,9.75,19.5,3.872316381760302,0.27463236750073067,4045812.6666666665,1.1937224970010063E7,3.5877946E7,6374.0,3.6412314E7,7282462.8,1.602607057216006E7,3.5950551E7,77650.0,3.6081767E7,1.2027255666666668E7,2.0718489570570927E7,3.59509E7,49895.0,1,0,0,0,192,128,0.1647794205004384,0.10985294700029226,0.0,39.0,16.18181818181818,17.88193603510639,319.76363636363635,0,1,0,0,1,0,0,0,0.0,17.8,17.0,9.75,192,0,0,0,0,0,0,6,102,4,39,514,514,4,32,377390.0,0.0,377390.0,377390.0,3.5877946E7,0.0,3.5877946E7,3.5877946E7,BENIGN
172.217.6.200-10.42.0.42-443-54274-6,10.42.0.42,54274,172.217.6.200,443,6,11/08/2017 10:12:30,52342,2,1,596.0,413.0,596.0,0.0,298.0,421.4356415871823,413.0,413.0,413.0,0.0,19277.06239731,57.31534905047572,26171.0,33900.11330364546,50142.0,2200.0,52342.0,52342.0,0.0,52342.0,52342.0,0,0,0,0,0,1,0,0,0,64,32,38.21023270031714,19.10511635015857,0.0,596.0,401.25,281.06627332357044,78998.25,0,1,0,0,1,0,0,0,0.0,535.0,298.0,413.0,64,0,0,0,0,0,0,2,596,1,413,1637,185,0,32,0,0,0,0,0,0,0,0,BENIGN
209.85.201.138-10.42.0.42-443-40615-6,10.42.0.42,40615,209.85.201.138,443,6,11/08/2017 10:16:21,34640162,2,0,62.0,0.0,31.0,31.0,31.0,0.0,0,0,0,0,1.7898299667305253,0.05773645053969437,3.4640162E7,0.0,3.4640162E7,3.4640162E7,3.4640162E7,3.4640162E7,0.0,3.4640162E7,3.4640162E7,0,0,0,0,0,1,0,0,0,64,0,0.05773645053969437,0.0,31.0,31.0,31.0,0.0,0.0,0,1,0,0,1,1,0,0,0.0,46.5,31.0,0.0,64,0,0,0,0,0,0,2,62,0,0,1438,-1,1,32,0,0,0,0,0,0,0,0,BENIGN
10.42.0.42-108.177.112.95-41032-443-6,10.42.0.42,41032,108.177.112.95,443,6,11/08/2017 10:13:36,249363,8,10,1165.0,4687.0,910.0,0.0,145.625,314.9992913824229,1418.0,0.0,468.70000000000005,563.0711520067621,23467.795944065478,72.18392463998268,14668.411764705885,20193.910230125144,55365.0,10.0,249363.0,35623.28571428572,28883.223606529136,67302.0,896.0,191554.0,21283.777777777774,32137.633320523844,73640.0,10.0,0,0,0,0,264,328,32.081744284436745,40.10218035554593,0.0,1418.0,308.0,477.9614117385536,228447.11111111112,0,0,0,1,0,0,0,0,1.0,325.1111111111111,145.625,468.7,264,0,0,0,0,0,0,8,1165,10,4687,65535,177,3,32,0,0,0,0,0,0,0,0,BENIGN
10.42.0.42-108.177.112.95-58635-443-6,10.42.0.42,58635,108.177.112.95,443,6,11/08/2017 10:13:37,359414,8,8,2837.0,1022.0,1368.0,0.0,354.625,527.3984499408393,565.0,0.0,127.75,188.9752440324998,10736.921767098665,44.51690807814943,23960.933333333334,36953.09298569639,128608.0,7.0,359414.0,51344.85714285714,62055.47574127677,174464.0,505.0,301622.0,43088.85714285714,65173.91333559916,174358.0,7.0,0,0,0,0,264,264,22.258454039074714,22.258454039074714,0.0,1368.0,227.0,391.9234619157164,153604.0,0,0,0,1,0,0,0,0,1.0,241.1875,354.625,127.75,264,0,0,0,0,0,0,8,2837,8,1022,65535,192,4,32,0,0,0,0,0,0,0,0,BENIGN
10.42.0.42-108.177.112.95-36829-443-6,10.42.0.42,36829,108.177.112.95,443,6,11/08/2017 10:14:24,619447,11,11,1265.0,4730.0,787.0,0.0,115.0,235.94957088327158,1418.0,0.0,430.0,550.4427308994098,9677.98697870843,35.51554854571901,29497.47619047619,49977.172564701024,203859.0,5.0,619447.0,61944.7,83949.63170993267,250070.0,95.0,567357.0,56735.7,80174.82302658637,249526.0,5.0,0,0,0,0,360,372,17.757774272859503,17.757774272859503,0.0,1418.0,260.65217391304355,437.10614569998404,191061.78260869568,0,0,0,1,0,0,0,0,1.0,272.5,115.0,430.0,360,0,0,0,0,0,0,11,1265,11,4730,65535,176,4,32,0,0,0,0,0,0,0,0,BENIGN
8.0.6.4-8.6.0.1-0-0-0,8.6.0.1,0,8.0.6.4,0,0,11/08/2017 10:15:51,110350792,10,0,0.0,0.0,0.0,0.0,0.0,0.0,0,0,0,0,0.0,0.09062010175694979,1.2261199111111112E7,1.902136479942052E7,4.3907545E7,14.0,1.10350792E8,1.2261199111111112E7,1.902136479942052E7,4.3907545E7,14.0,0,0,0,0,0,0,0,0,0,0,0,0.09062010175694979,0.0,0.0,0.0,0.0,0.0,0.0,0,0,0,0,0,0,0,0,0.0,0.0,0.0,0.0,0,0,0,0,0,0,0,10,0,0,0,-1,-1,0,0,83288.66666666666,72112.69307364227,125409.0,22.0,3.6668376666666664E7,1.0338860031909917E7,4.3907545E7,2.4827609E7,BENIGN
10.42.0.42-23.206.125.17-40957-80-6,10.42.0.42,40957,23.206.125.17,80,6,11/08/2017 10:10:35,100320,4,5,395.0,4343.0,395.0,0.0,98.75,197.49999999999997,1448.0,0.0,868.6,792.9197941784529,47228.86762360446,89.71291866028707,12540.0,13604.043285519409,32332.0,4.0,100320.0,33440.0,29697.046031550006,58634.0,697.0,60789.0,15197.25,28711.613763713573,58236.0,4.0,0,0,0,0,136,168,39.87240829346092,49.84051036682615,0.0,1448.0,473.8,682.9980966298515,466486.39999999997,0,0,0,1,0,0,0,0,1.0,526.4444444444445,98.75,868.6,136,0,0,0,0,0,0,4,395,5,4343,65535,939,1,32,0,0,0,0,0,0,0,0,BENIGN
10.42.0.42-23.206.125.17-40954-80-6,10.42.0.42,40954,23.206.125.17,80,6,11/08/2017 10:10:35,100669,5,4,394.0,2375.0,394.0,0.0,78.8,176.20215662698342,1448.0,0.0,593.75,717.8385960646028,27505.984960613496,89.4019012804339,12583.625000000002,13843.521764323043,32732.0,30.0,100669.0,25167.25,29807.819537553118,58913.0,30.0,61006.0,20335.333333333336,33230.36368042537,58690.0,185.0,0,0,0,0,168,136,49.66772293357439,39.734178346859515,0.0,1448.0,276.90000000000003,510.39558731983124,260503.65555555548,0,0,0,1,0,0,0,0,0.0,307.6666666666667,78.8,593.75,168,0,0,0,0,0,0,5,394,4,2375,65535,939,1,32,0,0,0,0,0,0,0,0,BENIGN
10.42.0.42-23.206.125.17-40953-80-6,10.42.0.42,40953,23.206.125.17,80,6,11/08/2017 10:10:35,99284,4,4,377.0,1884.0,377.0,0.0,94.25,188.5,1448.0,0.0,471.0,682.9924352924172,22773.05507433222,80.57693082470489,14183.428571428572,14007.637736334453,32349.0,4.0,99284.0,33094.666666666664,29793.76312810004,59194.0,634.0,59496.0,19832.0,33461.92744000262,58466.0,4.0,0,0,0,0,136,136,40.288465412352444,40.288465412352444,0.0,1448.0,251.22222222222223,482.3011968100892,232614.4444444444,0,0,0,1,0,0,0,0,1.0,282.625,94.25,471.0,136,0,0,0,0,0,0,4,377,4,1884,65535,939,1,32,0,0,0,0,0,0,0,0,BENIGN
10.42.0.42-23.206.125.17-40969-80-6,10.42.0.42,40969,23.206.125.17,80,6,11/08/2017 10:10:35,193583,5,4,399.0,2506.0,399.0,0.0,79.8,178.43822460448322,1448.0,0.0,626.5,740.7336453363877,15006.483007288864,46.49168573686739,24197.875,47002.98344463284,137251.0,6.0,193583.0,48395.75,77793.68635639185,163565.0,6.0,30676.0,10225.333333333332,16890.23091415074,29726.0,205.0,0,0,0,0,168,136,25.828714298259662,20.662971438607727,0.0,1448.0,290.5,530.3422898887515,281262.94444444444,0,0,0,1,0,0,0,0,0.0,322.77777777777777,79.8,626.5,168,0,0,0,0,0,0,5,399,4,2506,65535,939,1,32,0,0,0,0,0,0,0,0,BENIGN
10.42.0.42-23.206.125.17-40972-80-6,10.42.0.42,40972,23.206.125.17,80,6,11/08/2017 10:10:35,176000,4,3,376.0,484.0,376.0,0.0,94.0,187.99999999999997,484.0,0.0,161.33333333333334,279.4375302877789,4886.363636363637,39.77272727272727,29333.333333333336,20233.891337720153,54844.0,1087.0,176000.0,58666.666666666664,38232.816929090295,85292.0,14857.0,94212.0,47106.0,65080.69392684746,93125.0,1087.0,0,0,0,0,136,104,22.72727272727273,17.045454545454547,0.0,484.0,107.5,201.13321811319835,40454.57142857143,0,0,0,1,0,0,0,0,0.0,122.85714285714286,94.0,161.33333333333334,136,0,0,0,0,0,0,4,376,3,484,65535,939,1,32,0,0,0,0,0,0,0,0,BENIGN
10.42.0.42-23.206.125.17-40971-80-6,10.42.0.42,40971,23.206.125.17,80,6,11/08/2017 10:10:35,190199,7,11,399.0,11949.0,399.0,0.0,57.0,150.80782473068166,1448.0,0.0,1086.2727272727273,626.6565392476314,64921.47697937423,94.63772154427731,11188.176470588238,17753.34959674968,54009.0,4.0,190199.0,31699.833333333332,37796.9088969808,85347.0,45.0,100168.0,10016.800000000003,30970.37894074487,98154.0,4.0,0,0,0,0,232,360,36.80355837833007,57.834163165947245,0.0,1448.0,649.8947368421052,708.7217675926493,502286.54385964916,0,0,0,1,0,0,0,0,1.0,686.0,57.0,1086.2727272727273,232,0,0,0,0,0,0,7,399,11,11949,65535,939,1,32,0,0,0,0,0,0,0,0,BENIGN
10.42.0.42-23.206.125.17-40968-80-6,10.42.0.42,40968,23.206.125.17,80,6,11/08/2017 10:10:35,433928,8,13,797.0,15013.0,399.0,0.0,99.625,184.46984848478627,1448.0,0.0,1154.8461538461538,547.8743539282594,36434.615880975645,48.39512545860143,21696.399999999998,44383.199867327705,146379.0,4.0,433928.0,61989.71428571429,76923.50396923402,174560.0,6.0,261841.0,21820.083333333332,66633.29832129159,231885.0,4.0,0,0,0,0,264,424,18.436238269943402,29.95888718865803,0.0,1448.0,718.6363636363635,686.4562237944582,471222.1471861472,0,0,0,1,0,0,0,0,1.0,752.8571428571429,99.625,1154.8461538461538,264,0,0,0,0,0,0,8,797,13,15013,65535,972,2,32,0,0,0,0,0,0,0,0,BENIGN
10.42.0.42-23.206.125.17-40958-80-6,10.42.0.42,40958,23.206.125.17,80,6,11/08/2017 10:10:35,633075,9,7,792.0,5746.0,420.0,0.0,88.0,175.03142574977787,1448.0,0.0,820.8571428571428,664.6360980695699,10327.370374758124,25.273466808829916,42205.0,124008.50200115888,488184.0,4.0,633075.0,79134.375,167045.26573180908,488184.0,5.0,589744.0,98290.66666666667,213404.879270992,531423.0,4.0,0,0,0,0,296,232,14.216325079966827,11.057141728863089,0.0,1448.0,384.5882352941176,568.2999932719875,322964.88235294115,0,0,0,1,0,0,0,0,0.0,408.625,88.0,820.8571428571429,296,0,0,0,0,0,0,9,792,7,5746,65535,972,2,32,0,0,0,0,0,0,0,0,BENIGN
10.42.0.42-23.206.125.17-40978-80-6,10.42.0.42,40978,23.206.125.17,80,6,11/08/2017 10:10:35,248611,6,5,421.0,3872.0,421.0,0.0,70.16666666666667,171.87253028528633,1448.0,0.0,774.4,732.7187727907618,17267.940678409243,44.24582983053847,24861.1,32598.904052641603,108617.0,16.0,248611.0,49722.2,52059.72617292565,137772.0,16.0,85756.0,21439.0,40556.5677788444,82242.0,168.0,0,0,0,0,200,168,24.13408899847553,20.111740832062942,0.0,1448.0,357.75,586.7788998189415,344309.4772727273,0,0,0,1,0,0,0,0,0.0,390.27272727272725,70.16666666666667,774.4,200,0,0,0,0,0,0,6,421,5,3872,65535,939,1,32,0,0,0,0,0,0,0,0,BENIGN
10.42.0.42-23.206.125.17-40977-80-6,10.42.0.42,40977,23.206.125.17,80,6,11/08/2017 10:10:35,116600,5,8,415.0,7472.0,415.0,0.0,83.0,185.59364213248256,1448.0,0.0,934.0,712.9912842584903,67641.50943396227,111.49228130360207,9716.666666666666,12479.410827681755,35926.0,4.0,116600.0,29150.0,25651.327152150756,64466.0,4542.0,52409.0,7487.0,18040.828935131187,48284.0,4.0,0,0,0,0,168,264,42.88164665523156,68.6106346483705,0.0,1448.0,563.357142857143,694.2827629612123,482028.5549450549,0,0,0,1,0,0,0,0,1.0,606.6923076923077,83.0,934.0,168,0,0,0,0,0,0,5,415,8,7472,65535,939,1,32,0,0,0,0,0,0,0,0,BENIGN
10.42.0.42-23.206.125.17-40981-80-6,10.42.0.42,40981,23.206.125.17,80,6,11/08/2017 10:10:35,118429,4,4,415.0,1939.0,415.0,0.0,103.75,207.5,1448.0,0.0,484.75,682.6064630029028,19876.888262165518,67.55102213140363,16918.428571428572,13770.439122230186,38414.0,14.0,118429.0,39476.333333333336,962.4034150673683,40290.0,38414.0,80644.0,26881.333333333336,45623.25872110993,79559.0,14.0,0,0,0,0,136,136,33.775511065701814,33.775511065701814,0.0,1448.0,261.55555555555554,486.6092146453638,236788.52777777775,0,0,0,1,0,0,0,0,1.0,294.25,103.75,484.75,136,0,0,0,0,0,0,4,415,4,1939,65535,939,1,32,0,0,0,0,0,0,0,0,BENIGN
10.42.0.42-23.206.125.17-40982-80-6,10.42.0.42,40982,23.206.125.17,80,6,11/08/2017 10:10:35,244122,11,16,422.0,20250.0,422.0,0.0,38.36363636363637,127.23778741181624,1448.0,0.0,1265.6249999999998,494.0797337812322,84678.97198941512,110.60043748617494,9389.307692307693,17024.41597181937,63807.0,4.0,244122.0,24412.2,27732.6180869307,70325.0,5.0,83374.0,5558.266666666667,20563.94884766843,79879.0,4.0,0,0,0,0,360,520,45.05943749436757,65.54099999180737,0.0,1448.0,738.2857142857141,725.3829056356096,526180.3597883597,0,0,0,1,0,0,0,0,1.0,765.6296296296297,38.36363636363637,1265.625,360,0,0,0,0,0,0,11,422,16,20250,65535,939,1,32,0,0,0,0,0,0,0,0,BENIGN
10.42.0.42-23.206.125.17-40983-80-6,10.42.0.42,40983,23.206.125.17,80,6,11/08/2017 10:10:35,229221,5,7,421.0,7216.0,421.0,0.0,84.2,188.2769237054823,1448.0,0.0,1030.857142857143,704.2640197566602,33317.19170582102,52.35122436425982,20838.272727272728,27880.406435670586,92857.0,7.0,229221.0,57305.25,58091.6796588232,135325.0,7.0,111615.0,18602.499999999996,36975.29118614213,92569.0,15.0,0,0,0,0,168,232,21.813010151774925,30.538214212484892,0.0,1448.0,587.4615384615385,713.2898680742884,508782.4358974358,0,0,0,1,0,0,0,0,1.0,636.4166666666666,84.2,1030.857142857143,168,0,0,0,0,0,0,5,421,7,7216,65535,939,1,32,0,0,0,0,0,0,0,0,BENIGN
10.42.0.42-23.206.125.17-40985-80-6,10.42.0.42,40985,23.206.125.17,80,6,11/08/2017 10:10:35,206657,8,17,403.0,21254.0,403.0,0.0,50.37499999999999,142.48201640908934,1448.0,0.0,1250.2352941176468,483.8439223308179,104796.83727142075,120.97340036872691,8610.708333333336,17688.447304431975,71901.0,5.0,206657.0,29522.428571428572,49579.01265272482,135277.0,5.0,108515.0,6782.1875,19036.062895528055,68756.0,7.0,0,0,0,0,264,552,38.711488117992616,82.26191225073431,0.0,1448.0,832.9615384615385,705.4400317968483,497645.6384615384,0,0,0,1,0,0,0,0,2.0,866.28,50.375,1250.235294117647,264,0,0,0,0,0,0,8,403,17,21254,65535,939,1,32,0,0,0,0,0,0,0,0,BENIGN
10.42.0.42-23.206.125.17-40958-80-6,10.42.0.42,40958,23.206.125.17,80,6,11/08/2017 10:18:55,249658,1,1,0.0,0.0,0.0,0.0,0.0,0.0,0.0,0.0,0.0,0.0,0.0,8.010958991900921,249658.0,0.0,249658.0,249658.0,0,0,0,0,0,0,0,0,0,0,0,0,0,0,32,32,4.0054794959504605,4.0054794959504605,0.0,0.0,0.0,0.0,0.0,0,0,0,0,1,1,0,0,1.0,0.0,0.0,0.0,32,0,0,0,0,0,0,1,0,1,0,972,972,0,32,0,0,0,0,0,0,0,0,BENIGN
10.42.0.42-23.206.125.17-40977-80-6,10.42.0.42,40977,23.206.125.17,80,6,11/08/2017 10:18:55,252950,2,1,0.0,0.0,0.0,0.0,0.0,0.0,0.0,0.0,0.0,0.0,0.0,11.860051393556038,126475.0,156745.77439918436,237311.0,15639.0,237311.0,237311.0,0.0,237311.0,237311.0,0,0,0,0,0,0,0,0,0,64,32,7.906700929037359,3.9533504645186794,0.0,0.0,0.0,0.0,0.0,0,0,0,0,1,1,0,0,0.0,0.0,0.0,0.0,64,0,0,0,0,0,0,2,0,1,0,939,939,0,32,0,0,0,0,0,0,0,0,BENIGN
10.42.0.42-23.206.125.17-40992-80-6,10.42.0.42,40992,23.206.125.17,80,6,11/08/2017 10:10:36,77783,4,4,423.0,1557.0,423.0,0.0,105.75,211.5,1448.0,0.0,389.25,707.7011492619372,25455.433706593984,102.85023719835954,11111.857142857143,9977.965364217487,24152.0,13.0,77783.0,25927.666666666668,17603.623613714688,40431.0,6342.0,39171.0,13057.0,21661.73448733965,38062.0,13.0,0,0,0,0,136,136,51.42511859917977,51.42511859917977,0.0,1448.0,220.0,481.1332975382186,231489.24999999997,0,0,0,1,0,0,0,0,1.0,247.5,105.75,389.25,136,0,0,0,0,0,0,4,423,4,1557,65535,939,1,32,0,0,0,0,0,0,0,0,BENIGN
10.42.0.42-23.206.125.17-41024-80-6,10.42.0.42,41024,23.206.125.17,80,6,11/08/2017 10:10:38,794875,15,30,1088.0,38512.0,612.0,0.0,72.53333333333333,193.1327695308765,1448.0,0.0,1283.733333333333,443.09903410297414,49819.153955024376,56.61267494889133,18065.34090909092,76610.85546370747,484054.0,4.0,794875.0,56776.785714285725,139909.37524927646,516248.0,6.0,762755.0,26301.89655172415,95768.08617896555,484054.0,4.0,0,0,0,0,488,968,18.870891649630444,37.74178329926089,0.0,1448.0,860.8695652173915,693.5190331024537,480968.6492753623,0,0,0,1,0,0,0,0,2.0,880.0,72.53333333333333,1283.7333333333333,488,0,0,0,0,0,0,15,1088,30,38512,65535,977,2,32,0,0,0,0,0,0,0,0,BENIGN
10.42.0.42-23.206.125.17-40991-80-6,10.42.0.42,40991,23.206.125.17,80,6,11/08/2017 10:10:36,3628389,16,13,2023.0,11305.0,425.0,0.0,126.4375,194.2177364883719,1448.0,0.0,869.6153846153845,645.3568184166982,3673.255541233313,7.992527813307779,129585.32142857143,384160.33391165605,1811687.0,12.0,3628389.0,241892.60000000003,505613.23457274557,1811687.0,75.0,3600260.0,300021.6666666667,574378.6707174558,1852354.0,12.0,0,0,0,0,520,424,4.409670517687051,3.582857295620729,0.0,1448.0,444.2666666666667,579.2156368944026,335490.75402298843,0,0,0,1,0,0,0,0,0.0,459.58620689655174,126.4375,869.6153846153846,520,0,0,0,0,0,0,16,2023,13,11305,65535,1073,5,32,0,0,0,0,0,0,0,0,BENIGN
10.42.0.42-23.206.125.17-41043-80-6,10.42.0.42,41043,23.206.125.17,80,6,11/08/2017 10:10:39,62285,4,3,583.0,776.0,583.0,0.0,145.75,291.5,776.0,0.0,258.6666666666667,448.0238088911496,21819.057557999517,112.38660993818736,10380.833333333334,11590.072535004543,25056.0,454.0,62285.0,20761.666666666668,17857.992449694153,34015.0,454.0,35010.0,17505.0,23311.8963621581,33989.0,1021.0,0,0,0,0,136,104,64.2209199646785,48.16568997350887,0.0,776.0,169.875,318.7486414536875,101600.69642857145,0,0,0,1,0,0,0,0,0.0,194.14285714285714,145.75,258.6666666666667,136,0,0,0,0,0,0,4,583,3,776,65535,942,1,32,0,0,0,0,0,0,0,0,BENIGN
10.42.0.42-23.206.125.17-41048-80-6,10.42.0.42,41048,23.206.125.17,80,6,11/08/2017 10:10:40,59934,10,17,615.0,21216.0,615.0,0.0,61.49999999999999,194.48007610035532,1448.0,0.0,1247.9999999999998,485.2463291978621,364250.67574331764,450.49554509960956,2305.153846153846,6443.518546212513,24374.0,4.0,59934.0,6659.333333333335,11996.028363587675,28853.0,6.0,29140.0,1821.2499999999995,6543.857165311602,26340.0,4.0,0,0,0,0,328,552,166.8502018887443,283.6453432108653,0.0,1448.0,779.6785714285714,709.7744583640861,503779.7817460317,0,0,0,1,0,0,0,0,1.0,808.5555555555555,61.5,1248.0,328,0,0,0,0,0,0,10,615,17,21216,65535,944,1,32,0,0,0,0,0,0,0,0,BENIGN
10.42.0.42-23.206.125.17-40988-80-6,10.42.0.42,40988,23.206.125.17,80,6,11/08/2017 10:10:36,5758774,12,23,1070.0,28831.0,630.0,0.0,89.16666666666667,212.15167530173625,1448.0,0.0,1253.5217391304348,456.92608011334505,5192.250989533536,6.077682506727995,169375.70588235295,944409.330157906,5513225.0,5.0,5758774.0,523524.90909090906,1655287.6603664667,5513225.0,5.0,5725663.0,260257.4090909092,1187533.2881829203,5575865.0,13.0,0,0,0,0,392,744,2.083776859449598,3.9939056472783965,0.0,1448.0,830.5833333333333,686.3715101896348,471105.8499999999,0,0,0,1,0,0,0,0,1.0,854.3142857142857,89.16666666666667,1253.5217391304348,392,0,0,0,0,0,0,12,1070,23,28831,65535,978,2,32,159668.0,0.0,159668.0,159668.0,5513225.0,0.0,5513225.0,5513225.0,BENIGN
10.42.0.42-23.206.125.17-40980-80-6,10.42.0.42,40980,23.206.125.17,80,6,11/08/2017 10:10:35,5957383,11,11,1255.0,8991.0,425.0,0.0,114.09090909090911,195.4330855026623,1448.0,0.0,817.3636363636363,725.5817352617515,1719.8827068865642,3.692896696418545,283684.9047619048,862647.362448869,3382222.0,6.0,5957383.0,595738.3,1203407.3491061444,3382222.0,6.0,5931520.0,593152.0,1263773.2246407536,3553565.0,6.0,0,0,0,0,360,360,1.8464483482092724,1.8464483482092724,0.0,1448.0,445.4782608695652,624.2945014221483,389743.6245059288,0,0,0,1,0,0,0,0,1.0,465.72727272727275,114.0909090909091,817.3636363636364,360,0,0,0,0,0,0,11,1255,11,8991,65535,1006,3,32,0,0,0,0,0,0,0,0,BENIGN
10.42.0.42-23.206.125.17-40955-80-6,10.42.0.42,40955,23.206.125.17,80,6,11/08/2017 10:10:35,7384842,19,30,1537.0,37852.0,613.0,0.0,80.89473684210526,196.42948826398018,1448.0,0.0,1261.7333333333331,450.9247917514537,5333.763403468889,6.635213048566239,153850.87500000003,731329.0916198217,3965467.0,4.0,7384842.0,410269.0,1169383.401487196,3965467.0,31.0,7354545.0,253604.99999999994,944477.8934385995,4009478.0,4.0,0,0,0,0,616,968,2.572837712709358,4.062375335856881,0.0,1448.0,787.7799999999996,691.7116094242202,478464.95061224495,0,0,0,1,0,0,0,0,1.0,803.8571428571429,80.89473684210526,1261.7333333333333,616,0,0,0,0,0,0,19,1537,30,37852,65535,1012,3,32,0,0,0,0,0,0,0,0,BENIGN
10.42.0.42-23.206.125.17-40955-80-6,10.42.0.42,40955,23.206.125.17,80,6,11/08/2017 10:19:02,235719,2,1,0.0,0.0,0.0,0.0,0.0,0.0,0.0,0.0,0.0,0.0,0.0,12.727018186908989,117859.5,157409.74766671853,229165.0,6554.0,229165.0,229165.0,0.0,229165.0,229165.0,0,0,0,0,0,0,0,0,0,64,32,8.484678791272659,4.242339395636329,0.0,0.0,0.0,0.0,0.0,0,0,0,0,1,1,0,0,0.0,0.0,0.0,0.0,64,0,0,0,0,0,0,2,0,1,0,1012,1012,0,32,0,0,0,0,0,0,0,0,BENIGN
10.42.0.42-23.192.50.116-53461-80-6,10.42.0.42,53461,23.192.50.116,80,6,11/08/2017 10:10:45,261125,5,4,595.0,881.0,595.0,0.0,119.0,266.092089322475,881.0,0.0,220.25,440.5,5652.465294399234,34.46625179511728,32640.625000000007,51100.735938053906,157042.0,14.0,261125.0,65281.25,83212.72213379794,187054.0,14.0,80811.0,26937.0,18886.209598540412,43938.0,6608.0,0,0,0,0,180,144,19.147917663954047,15.318334131163237,0.0,881.0,147.6,318.38627831962583,101369.82222222222,0,0,0,1,0,0,0,0,0.0,164.0,119.0,220.25,180,0,0,0,0,0,0,5,595,4,881,65535,943,1,32,0,0,0,0,0,0,0,0,BENIGN
10.42.0.42-23.192.50.116-53472-80-6,10.42.0.42,53472,23.192.50.116,80,6,11/08/2017 10:10:46,67637,5,6,698.0,5026.0,698.0,0.0,139.6,312.1550896589706,1448.0,0.0,837.6666666666666,713.4596461375139,84628.23602466105,162.63287845410056,6763.700000000001,9549.351566700456,23519.0,6.0,67637.0,16909.25,18828.000219088593,38358.0,683.0,40544.0,8108.8,12175.834579198257,27640.0,6.0,0,0,0,0,168,200,73.9240356609548,88.70884279314576,0.0,1448.0,477.0,640.46091357567,410190.1818181818,0,0,0,1,0,0,0,0,1.0,520.3636363636364,139.6,837.6666666666666,168,0,0,0,0,0,0,5,698,6,5026,65535,949,1,32,0,0,0,0,0,0,0,0,BENIGN
10.42.0.42-23.206.125.17-41030-80-6,10.42.0.42,41030,23.206.125.17,80,6,11/08/2017 10:10:39,8493047,81,88,4252.0,116903.0,673.0,0.0,52.49382716049381,171.94549452201346,1448.0,0.0,1328.4431818181813,377.12670080322505,14265.198344010105,19.898630020533265,50553.851190476205,288584.0591389231,3062479.0,3.0,8493047.0,106163.08749999995,414457.5749638817,3062479.0,5.0,8459847.0,97239.62068965522,407596.2195713051,3131739.0,3.0,0,0,0,0,2600,2824,9.53721320510766,10.361416815425606,0.0,1448.0,712.6764705882351,704.6617183535042,496548.13731291326,0,0,0,1,0,0,0,0,1.0,716.8934911242603,52.49382716049383,1328.4431818181818,2600,0,0,0,0,0,0,81,4252,88,116903,65535,1180,7,32,0,0,0,0,0,0,0,0,BENIGN
10.42.0.42-23.206.125.17-41030-80-6,10.42.0.42,41030,23.206.125.17,80,6,11/08/2017 10:19:07,239991,1,1,0.0,0.0,0.0,0.0,0.0,0.0,0.0,0.0,0.0,0.0,0.0,8.333645845052523,239991.0,0.0,239991.0,239991.0,0,0,0,0,0,0,0,0,0,0,0,0,0,0,32,32,4.166822922526261,4.166822922526261,0.0,0.0,0.0,0.0,0.0,0,0,0,0,1,1,0,0,1.0,0.0,0.0,0.0,32,0,0,0,0,0,0,1,0,1,0,1180,1180,0,32,0,0,0,0,0,0,0,0,BENIGN
10.42.0.42-23.192.50.116-53498-80-6,10.42.0.42,53498,23.192.50.116,80,6,11/08/2017 10:10:48,2338502,5,5,736.0,3316.0,736.0,0.0,147.2,329.14920628796904,1433.0,0.0,663.2,679.5121043807828,1732.7331770509497,4.276241799237289,259833.55555555556,741988.4583231587,2238283.0,166.0,2338502.0,584625.5,1139907.3385208407,2294411.0,483.0,2289765.0,572441.25,1110626.4589042754,2238283.0,166.0,0,0,0,0,168,168,2.1381208996186447,2.1381208996186447,0.0,1433.0,368.3636363636364,556.345625079819,309520.4545454545,0,0,0,1,0,0,0,0,1.0,405.2,147.2,663.2,168,0,0,0,0,0,0,5,736,5,3316,65535,951,1,32,0,0,0,0,0,0,0,0,BENIGN
10.42.0.42-23.206.125.17-40970-80-6,10.42.0.42,40970,23.206.125.17,80,6,11/08/2017 10:10:35,16888695,38,74,1240.0,102739.0,441.0,0.0,32.63157894736842,113.0915489118324,1448.0,0.0,1388.3648648648648,260.82464451613424,6156.721996578185,6.6316550805139185,152150.4054054054,1526957.4177939508,1.6091849E7,3.0,1.6888695E7,456451.2162162162,2642363.913367538,1.6091849E7,5.0,1.6858872E7,230943.45205479453,1896213.9889075535,1.6204821E7,3.0,0,0,0,0,1224,2376,2.2500258308886507,4.381629249625267,0.0,1448.0,920.1681415929206,684.2676599142701,468222.2304045512,0,0,0,1,0,0,0,0,1.0,928.3839285714286,32.63157894736842,1388.3648648648648,1224,0,0,0,0,0,0,38,1240,74,102739,65535,1006,3,32,745831.0,0.0,745831.0,745831.0,1.6091849E7,0.0,1.6091849E7,1.6091849E7,BENIGN
10.42.0.42-23.9.110.190-40123-80-6,10.42.0.42,40123,23.9.110.190,80,6,11/08/2017 10:10:54,70748,5,5,810.0,4262.0,810.0,0.0,162.0,362.2430123549659,1448.0,0.0,852.4,778.850948513257,71691.07253915304,141.34675185164244,7860.888888888889,9807.459500865201,22442.0,15.0,70748.0,17687.0,20093.199463168297,40186.0,476.0,30824.0,7706.000000000001,14633.438465833426,29649.0,15.0,0,0,0,0,168,168,70.67337592582122,70.67337592582122,0.0,1448.0,461.09090909090907,661.5747054634804,437681.0909090908,0,0,0,1,0,0,0,0,1.0,507.2,162.0,852.4,168,0,0,0,0,0,0,5,810,5,4262,65535,956,1,32,0,0,0,0,0,0,0,0,BENIGN
10.42.0.42-23.9.110.190-40073-80-6,10.42.0.42,40073,23.9.110.190,80,6,11/08/2017 10:10:51,3256665,9,7,2039.0,4381.0,826.0,0.0,226.55555555555554,361.2122337044771,1448.0,0.0,625.8571428571429,633.9362293300035,1971.341848179042,4.91300149078889,217111.00000000003,802110.71832652,3116304.0,14.0,3256665.0,407083.125,1094744.460563865,3116304.0,83.0,3200369.0,533394.8333333334,1278001.701625693,3141947.0,14.0,0,0,0,0,296,232,2.763563338568751,2.1494381522201396,0.0,1448.0,377.6470588235294,514.4401011265148,264648.6176470588,0,0,0,1,0,0,0,0,0.0,401.25,226.55555555555554,625.8571428571429,296,0,0,0,0,0,0,9,2039,7,4381,65535,1042,3,32,0,0,0,0,0,0,0,0,BENIGN
10.42.0.42-23.9.110.190-40122-80-6,10.42.0.42,40122,23.9.110.190,80,6,11/08/2017 10:10:54,61994,4,5,826.0,3528.0,826.0,0.0,206.5,412.99999999999994,1448.0,0.0,705.6,725.1681184387521,70232.60315514404,145.1753395489886,7749.249999999999,9684.592649446557,22819.0,4.0,61994.0,20664.666666666668,17571.173390907432,32038.0,427.0,31450.0,7862.5,15184.78169089039,30633.0,4.0,0,0,0,0,136,168,64.52237313288383,80.65296641610479,0.0,1448.0,435.4,612.7693421399823,375486.26666666666,0,0,0,1,0,0,0,0,1.0,483.77777777777777,206.5,705.6,136,0,0,0,0,0,0,4,826,5,3528,65535,957,1,32,0,0,0,0,0,0,0,0,BENIGN
10.42.0.42-23.206.125.17-40987-80-6,10.42.0.42,40987,23.206.125.17,80,6,11/08/2017 10:10:36,26050510,29,33,2869.0,38062.0,432.0,0.0,98.93103448275865,178.81773063143748,1448.0,0.0,1153.3939393939393,494.8360169916103,1571.2168399006393,2.379991792867011,427057.5409836066,2506437.4586473764,1.9215628E7,2.0,2.605051E7,930375.357142857,3670868.376432881,1.9215628E7,2.0,2.5998959E7,812467.46875,3448972.0366977607,1.9251537E7,2.0,0,0,0,0,936,1064,1.113221967631344,1.2667698252356672,0.0,1448.0,649.6984126984125,651.579164475112,424555.407578085,0,0,0,1,0,0,0,0,1.0,660.1774193548387,98.93103448275862,1153.3939393939395,936,0,0,0,0,0,0,29,2869,33,38062,65535,1140,7,32,6774351.0,0.0,6774351.0,6774351.0,1.9215628E7,0.0,1.9215628E7,1.9215628E7,BENIGN
172.217.12.206-10.42.0.42-443-55940-6,10.42.0.42,55940,172.217.12.206,443,6,11/08/2017 10:15:26,320024,15,17,1577.0,6169.0,816.0,0.0,105.13333333333334,212.73856076906986,1418.0,0.0,362.88235294117646,536.2174095403074,24204.434667399946,99.99250056245782,10323.354838709676,17922.710804169456,76219.0,4.0,243805.0,17414.642857142855,25272.284063489675,66624.0,57.0,283175.0,17698.4375,28351.63163786463,83060.0,4.0,0,0,0,0,488,552,46.871484638652106,53.12101592380572,0.0,1418.0,234.72727272727278,426.47877092002426,181884.14204545453,0,0,0,1,0,0,0,0,1.0,242.0625,105.13333333333334,362.88235294117646,488,0,0,0,0,0,0,15,1577,17,6169,65535,181,9,32,0,0,0,0,0,0,0,0,BENIGN
172.217.12.206-10.42.0.42-443-55940-6,10.42.0.42,55940,172.217.12.206,443,6,11/08/2017 10:19:26,33,1,1,55.0,0.0,55.0,55.0,55.0,0.0,0.0,0.0,0.0,0.0,1666666.6666666665,60606.0606060606,33.0,0.0,33.0,33.0,0,0,0,0,0,0,0,0,0,0,1,0,0,0,32,32,30303.0303030303,30303.0303030303,0.0,55.0,36.66666666666667,31.754264805429415,1008.3333333333333,0,1,0,0,1,0,0,0,1.0,55.0,55.0,0.0,32,0,0,0,0,0,0,1,55,1,0,181,181,0,32,0,0,0,0,0,0,0,0,BENIGN
172.217.12.206-10.42.0.42-443-55940-6,172.217.12.206,443,10.42.0.42,55940,6,11/08/2017 10:19:26,96490,1,2,0.0,0.0,0.0,0.0,0.0,0.0,0.0,0.0,0.0,0.0,0.0,31.091304798424705,48245.0,61963.76723537716,92060.0,4430.0,0,0,0,0,0,4430.0,4430.0,0.0,4430.0,4430.0,0,0,0,0,32,76,10.363768266141568,20.727536532283136,0.0,0.0,0.0,0.0,0.0,0,0,0,0,1,1,0,0,2.0,0.0,0.0,0.0,32,0,0,0,0,0,0,1,0,2,0,181,1682,0,32,0,0,0,0,0,0,0,0,BENIGN
10.42.0.42-108.168.180.119-50156-443-6,10.42.0.42,50156,108.168.180.119,443,6,11/08/2017 10:16:25,36505801,8,5,105.0,39.0,37.0,0.0,13.125,16.119531187794692,39.0,0.0,7.8,17.44133022449836,3.9445785616373685,0.35610778681448463,3042150.083333333,1.0356555383465221E7,3.5928341E7,2704.0,3.6505801E7,5215114.428571428,1.3575687916744426E7,3.6001516E7,2704.0,3.6234546E7,9058636.5,1.7961348376377862E7,3.6000545E7,33057.0,1,0,0,0,256,160,0.21914325342429825,0.1369645333901864,0.0,39.0,12.928571428571427,16.977198671314262,288.22527472527474,0,1,0,0,1,0,0,0,0.0,13.923076923076923,13.125,7.8,256,0,0,0,0,0,0,8,105,5,39,514,514,5,32,414552.0,0.0,414552.0,414552.0,3.5928341E7,0.0,3.5928341E7,3.5928341E7,BENIGN
172.217.12.164-10.42.0.42-443-40996-6,10.42.0.42,40996,172.217.12.164,443,6,11/08/2017 10:15:46,332642,7,11,1452.0,4627.0,1031.0,0.0,207.42857142857144,376.64211887982697,1418.0,0.0,420.6363636363636,565.4978819990881,18274.902147052988,54.11222876245333,19567.176470588234,28005.815622017006,89577.0,13.0,332642.0,55440.333333333336,70347.64474711764,193978.0,945.0,269434.0,26943.4,36770.838618545415,89577.0,13.0,0,0,0,0,232,360,21.04364451873185,33.06858424372148,0.0,1418.0,319.94736842105266,491.68333007742234,241752.49707602343,0,0,0,1,0,0,0,0,1.0,337.72222222222223,207.42857142857142,420.6363636363636,232,0,0,0,0,0,0,7,1452,11,4627,65535,185,3,32,0,0,0,0,0,0,0,0,BENIGN
10.42.0.42-108.168.180.119-50156-443-6,10.42.0.42,50156,108.168.180.119,443,6,11/08/2017 10:19:32,75037408,7,4,112.0,23.0,45.0,0.0,16.0,19.131126469708992,23.0,0.0,5.75,11.5,1.7991026555714718,0.14659354971323105,7503740.799999999,2.360877303967886E7,7.4695443E7,3052.0,7.5037408E7,1.2506234666666668E7,3.0501658884500153E7,7.4767466E7,27789.0,7.490304E7,2.496768E7,4.31285095045186E7,7.476819E7,52099.0,1,0,0,0,224,128,0.0932868043629652,0.05330674535026583,0.0,45.0,14.333333333333332,17.634332904017008,310.96969696969694,0,1,0,0,1,0,0,0,0.0,15.636363636363637,16.0,5.75,224,0,0,0,0,0,0,7,112,4,23,514,514,4,32,214067.0,0.0,214067.0,214067.0,7.4695443E7,0.0,7.4695443E7,7.4695443E7,BENIGN
10.42.0.42-108.168.180.119-50156-443-6,108.168.180.119,443,10.42.0.42,50156,6,11/08/2017 10:20:47,27525,2,1,0.0,0.0,0.0,0.0,0.0,0.0,0.0,0.0,0.0,0.0,0.0,108.99182561307902,13762.5,16455.08190499215,25398.0,2127.0,27525.0,27525.0,0.0,27525.0,27525.0,0,0,0,0,0,0,0,0,0,64,32,72.661217075386,36.330608537693,0.0,0.0,0.0,0.0,0.0,0,0,0,0,1,1,0,0,0.0,0.0,0.0,0.0,64,0,0,0,0,0,0,2,0,1,0,514,1386,0,32,0,0,0,0,0,0,0,0,BENIGN
8.0.6.4-8.6.0.1-0-0-0,8.6.0.1,0,8.0.6.4,0,0,11/08/2017 10:18:29,43082845,8,0,0.0,0.0,0.0,0.0,0.0,0.0,0,0,0,0,0.0,0.18568875848380023,6154692.142857143,1.1754422749536667E7,3.0721674E7,23.0,4.3082845E7,6154692.142857143,1.1754422749536667E7,3.0721674E7,23.0,0,0,0,0,0,0,0,0,0,0,0,0.18568875848380023,0.0,0.0,0.0,0.0,0.0,0.0,0,0,0,0,0,0,0,0,0.0,0.0,0.0,0.0,0,0,0,0,0,0,0,8,0,0,0,-1,-1,0,0,12640.5,17843.839623242526,25258.0,23.0,2.1491354E7,1.3053643729043627E7,3.0721674E7,1.2261034E7,BENIGN
224.0.0.251-10.42.0.1-5353-5353-17,10.42.0.1,5353,224.0.0.251,5353,17,11/08/2017 10:07:32,94682441,14,0,518.0,0.0,37.0,37.0,37.0,0.0,0,0,0,0,5.470919365080586,0.14786268554271853,7283264.692307692,9151324.761975251,2.7730373E7,1001172.0,9.4682441E7,7283264.692307692,9151324.761975251,2.7730373E7,1001172.0,0,0,0,0,0,0,0,0,0,448,0,0.14786268554271853,0.0,37.0,37.0,37.0,0.0,0.0,0,0,0,0,0,0,0,0,0.0,39.642857142857146,37.0,0.0,448,0,0,0,0,0,0,14,518,0,0,-1,-1,13,32,2000792.0,2234380.8768394883,5997774.0,1001172.0,1.67353862E7,8234326.579601923,2.7730373E7,5850736.0,BENIGN
10.42.0.42-74.125.192.188-44902-5228-6,10.42.0.42,44902,74.125.192.188,5228,6,11/08/2017 10:10:44,364725,3,4,1060.0,439.0,1060.0,0.0,353.33333333333337,611.9912853410033,279.0,0.0,109.75,118.96883345369632,4109.945849612722,19.192542326410308,60787.5,48717.910537090975,135405.0,31.0,364725.0,182362.5,2674.9849532287094,184254.0,180471.0,139379.0,46459.666666666664,62786.73064695544,117897.0,31.0,1,0,0,0,108,128,8.225375282747274,10.967167043663034,0.0,1060.0,319.87500000000006,465.8756540108101,217040.12500000003,0,1,0,0,1,0,0,0,1.0,365.57142857142856,353.3333333333333,109.75,108,0,0,0,0,0,0,3,1060,4,439,1386,185,0,32,0,0,0,0,0,0,0,0,BENIGN
8.0.6.4-8.6.0.1-0-0-0,8.6.0.1,0,8.0.6.4,0,0,11/08/2017 10:20:52,25167,2,0,0.0,0.0,0.0,0.0,0.0,0.0,0,0,0,0,0.0,79.46914610402511,25167.0,0.0,25167.0,25167.0,25167.0,25167.0,0.0,25167.0,25167.0,0,0,0,0,0,0,0,0,0,0,0,79.46914610402511,0.0,0.0,0.0,0.0,0.0,0.0,0,0,0,0,0,0,0,0,0.0,0.0,0.0,0.0,0,0,0,0,0,0,0,2,0,0,0,-1,-1,0,0,0,0,0,0,0,0,0,0,BENIGN
157.240.14.10-10.42.0.42-443-37107-6,10.42.0.42,37107,157.240.14.10,443,6,11/08/2017 10:08:33,6021649,9,7,814.0,203.0,537.0,0.0,90.44444444444444,176.0277755860642,137.0,0.0,29.0,50.0999001995014,168.8906145143963,2.6570794810524494,401443.2666666667,1398817.682914471,5455650.0,134.0,6021649.0,752706.1250000001,1902426.1348925286,5455650.0,134.0,5940229.0,990038.1666666667,2256252.498066599,5594826.0,389.0,0,0,0,0,296,232,1.4946072080920028,1.1624722729604466,0.0,537.0,59.823529411764696,132.66840020051765,17600.90441176471,0,0,0,1,0,0,0,0,0.0,63.5625,90.44444444444444,29.0,296,0,0,0,0,0,0,9,814,7,203,65535,122,4,32,359006.0,0.0,359006.0,359006.0,5455650.0,0.0,5455650.0,5455650.0,BENIGN
10.42.0.1-10.42.0.42-53-50910-17,10.42.0.42,50910,10.42.0.1,53,17,11/08/2017 10:10:41,1370118,1,1,39.0,185.0,39.0,39.0,39.0,0.0,185.0,185.0,185.0,0.0,163.48956805180285,1.459728286176811,1370118.0,0.0,1370118.0,1370118.0,0,0,0,0,0,0,0,0,0,0,0,0,0,0,20,20,0.7298641430884055,0.7298641430884055,39.0,185.0,87.66666666666666,84.29313930168536,7105.333333333333,0,0,0,0,0,0,0,0,1.0,131.5,39.0,185.0,20,0,0,0,0,0,0,1,39,1,185,-1,-1,0,20,0,0,0,0,0,0,0,0,BENIGN
222.73.28.96-10.42.0.42-80-41661-6,10.42.0.42,41661,222.73.28.96,80,6,11/08/2017 10:10:47,328357,1,1,0.0,0.0,0.0,0.0,0.0,0.0,0.0,0.0,0.0,0.0,0.0,6.090931516611493,328357.0,0.0,328357.0,328357.0,0,0,0,0,0,0,0,0,0,0,0,0,0,0,20,20,3.0454657583057463,3.0454657583057463,0.0,0.0,0.0,0.0,0.0,0,0,0,0,1,1,0,0,1.0,0.0,0.0,0.0,20,0,0,0,0,0,0,1,0,1,0,1643,62,0,20,0,0,0,0,0,0,0,0,BENIGN
10.42.0.1-10.42.0.42-53-50337-17,10.42.0.42,50337,10.42.0.1,53,17,11/08/2017 10:10:47,378084,1,1,32.0,217.0,32.0,32.0,32.0,0.0,217.0,217.0,217.0,0.0,658.5838067730981,5.289829773277896,378084.0,0.0,378084.0,378084.0,0,0,0,0,0,0,0,0,0,0,0,0,0,0,20,20,2.644914886638948,2.644914886638948,32.0,217.0,93.66666666666666,106.80979980008077,11408.333333333332,0,0,0,0,0,0,0,0,1.0,140.5,32.0,217.0,20,0,0,0,0,0,0,1,32,1,217,-1,-1,0,20,0,0,0,0,0,0,0,0,BENIGN
10.42.0.1-10.42.0.42-53-26180-17,10.42.0.42,26180,10.42.0.1,53,17,11/08/2017 10:08:41,49716,1,1,37.0,77.0,37.0,37.0,37.0,0.0,77.0,77.0,77.0,0.0,2293.0243784697077,40.22849786788961,49716.0,0.0,49716.0,49716.0,0,0,0,0,0,0,0,0,0,0,0,0,0,0,32,32,20.114248933944804,20.114248933944804,37.0,77.0,50.333333333333336,23.094010767585033,533.3333333333334,0,0,0,0,0,0,0,0,1.0,75.5,37.0,77.0,32,0,0,0,0,0,0,1,37,1,77,-1,-1,0,32,0,0,0,0,0,0,0,0,BENIGN
10.42.0.1-10.42.0.42-53-37719-17,10.42.0.42,37719,10.42.0.1,53,17,11/08/2017 10:10:45,31954,1,1,31.0,78.0,31.0,31.0,31.0,0.0,78.0,78.0,78.0,0.0,3411.1535332039803,62.589973086311566,31954.0,0.0,31954.0,31954.0,0,0,0,0,0,0,0,0,0,0,0,0,0,0,32,20,31.294986543155783,31.294986543155783,31.0,78.0,46.666666666666664,27.13546265191241,736.3333333333333,0,0,0,0,0,0,0,0,1.0,70.0,31.0,78.0,32,0,0,0,0,0,0,1,31,1,78,-1,-1,0,32,0,0,0,0,0,0,0,0,BENIGN
172.217.10.106-10.42.0.42-443-50923-6,10.42.0.42,50923,172.217.10.106,443,6,11/08/2017 10:14:48,182916,2,0,0.0,0.0,0.0,0.0,0.0,0.0,0,0,0,0,0.0,10.933980624986333,182916.0,0.0,182916.0,182916.0,182916.0,182916.0,0.0,182916.0,182916.0,0,0,0,0,0,0,0,0,0,64,0,10.933980624986333,0.0,0.0,0.0,0.0,0.0,0.0,0,0,0,0,1,1,0,0,0.0,0.0,0.0,0.0,64,0,0,0,0,0,0,2,0,0,0,192,-1,0,32,0,0,0,0,0,0,0,0,BENIGN
10.42.0.1-10.42.0.42-53-51445-17,10.42.0.42,51445,10.42.0.1,53,17,11/08/2017 10:10:38,313407,1,1,37.0,109.0,37.0,37.0,37.0,0.0,109.0,109.0,109.0,0.0,465.8479229883187,6.381478397100256,313407.0,0.0,313407.0,313407.0,0,0,0,0,0,0,0,0,0,0,0,0,0,0,32,32,3.190739198550128,3.190739198550128,37.0,109.0,61.0,41.569219381653056,1728.0,0,0,0,0,0,0,0,0,1.0,91.5,37.0,109.0,32,0,0,0,0,0,0,1,37,1,109,-1,-1,0,32,0,0,0,0,0,0,0,0,BENIGN
10.42.0.42-14.29.93.254-33149-80-6,14.29.93.254,80,10.42.0.42,33149,6,11/08/2017 10:10:45,175160,2,1,0.0,0.0,0.0,0.0,0.0,0.0,0.0,0.0,0.0,0.0,0.0,17.127197990408767,87580.0,104680.08788685649,161600.0,13560.0,175160.0,175160.0,0.0,175160.0,175160.0,0,0,0,0,0,0,0,0,0,40,20,11.418131993605845,5.709065996802923,0.0,0.0,0.0,0.0,0.0,0,0,0,0,1,1,0,0,0.0,0.0,0.0,0.0,40,0,0,0,0,0,0,2,0,1,0,8190,65535,0,20,0,0,0,0,0,0,0,0,BENIGN
10.42.0.1-10.42.0.42-53-61053-17,10.42.0.42,61053,10.42.0.1,53,17,11/08/2017 10:10:42,547227,1,1,29.0,45.0,29.0,29.0,29.0,0.0,45.0,45.0,45.0,0.0,135.22724573166164,3.654790425180044,547227.0,0.0,547227.0,547227.0,0,0,0,0,0,0,0,0,0,0,0,0,0,0,40,40,1.827395212590022,1.827395212590022,29.0,45.0,34.333333333333336,9.237604307034012,85.33333333333333,0,0,0,0,0,0,0,0,1.0,51.5,29.0,45.0,40,0,0,0,0,0,0,1,29,1,45,-1,-1,0,40,0,0,0,0,0,0,0,0,BENIGN
10.42.0.42-125.39.83.108-53559-443-6,10.42.0.42,53559,125.39.83.108,443,6,11/08/2017 10:11:54,39639,2,0,0.0,0.0,0.0,0.0,0.0,0.0,0,0,0,0,0.0,50.45535962057569,39639.0,0.0,39639.0,39639.0,39639.0,39639.0,0.0,39639.0,39639.0,0,0,0,0,0,0,0,0,0,40,0,50.45535962057569,0.0,0.0,0.0,0.0,0.0,0.0,0,0,0,0,1,0,0,0,0.0,0.0,0.0,0.0,40,0,0,0,0,0,0,2,0,0,0,1641,-1,0,20,0,0,0,0,0,0,0,0,BENIGN
172.217.9.234-10.42.0.42-443-58571-6,172.217.9.234,443,10.42.0.42,58571,6,11/08/2017 10:08:52,3777,1,1,0.0,0.0,0.0,0.0,0.0,0.0,0.0,0.0,0.0,0.0,0.0,529.5207836907599,3777.0,0.0,3777.0,3777.0,0,0,0,0,0,0,0,0,0,0,0,0,0,0,32,32,264.76039184537996,264.76039184537996,0.0,0.0,0.0,0.0,0.0,0,0,0,0,1,1,0,0,1.0,0.0,0.0,0.0,32,0,0,0,0,0,0,1,0,1,0,192,1681,0,32,0,0,0,0,0,0,0,0,BENIGN
10.42.0.42-23.206.125.17-40954-80-6,10.42.0.42,40954,23.206.125.17,80,6,11/08/2017 10:18:55,175189,2,0,0.0,0.0,0.0,0.0,0.0,0.0,0,0,0,0,0.0,11.416241887333108,175189.0,0.0,175189.0,175189.0,175189.0,175189.0,0.0,175189.0,175189.0,0,0,0,0,0,0,0,0,0,64,0,11.416241887333108,0.0,0.0,0.0,0.0,0.0,0.0,0,0,0,0,1,1,0,0,0.0,0.0,0.0,0.0,64,0,0,0,0,0,0,2,0,0,0,939,-1,0,32,0,0,0,0,0,0,0,0,BENIGN
172.217.10.110-10.42.0.42-443-48937-6,10.42.0.42,48937,172.217.10.110,443,6,11/08/2017 09:50:21,201452,2,0,0.0,0.0,0.0,0.0,0.0,0.0,0,0,0,0,0.0,9.927923277008915,201452.0,0.0,201452.0,201452.0,201452.0,201452.0,0.0,201452.0,201452.0,0,0,0,0,0,0,0,0,0,64,0,9.927923277008915,0.0,0.0,0.0,0.0,0.0,0.0,0,0,0,0,1,1,0,0,0.0,0.0,0.0,0.0,64,0,0,0,0,0,0,2,0,0,0,185,-1,0,32,0,0,0,0,0,0,0,0,BENIGN
208.80.154.224-10.42.0.42-443-34507-6,10.42.0.42,34507,208.80.154.224,443,6,11/08/2017 10:09:26,70197498,7,8,290.0,4996.0,205.0,0.0,41.42857142857143,78.7778673292974,1448.0,0.0,624.4999999999999,704.6766228967318,75.30182913356828,0.21368282955042073,5014106.999999999,1.8715454532598834E7,7.0038993E7,4.0,7.0197498E7,1.1699583E7,2.8580364990265943E7,7.0038993E7,6679.0,92246.0,13178.0,22622.565290729814,52162.0,4.0,0,0,0,0,232,264,0.09971865379019634,0.1139641757602244,0.0,1448.0,330.37500000000006,571.4819186407678,326591.58333333326,0,0,0,1,0,0,0,0,1.0,352.4,41.42857142857143,624.5,232,0,0,0,0,0,0,7,290,8,4996,65535,59,2,32,158505.0,0.0,158505.0,158505.0,7.0038993E7,0.0,7.0038993E7,7.0038993E7,BENIGN
172.217.11.8-10.42.0.42-443-34000-6,172.217.11.8,443,10.42.0.42,34000,6,11/08/2017 09:46:18,6117,1,1,0.0,0.0,0.0,0.0,0.0,0.0,0.0,0.0,0.0,0.0,0.0,326.95765898316165,6117.0,0.0,6117.0,6117.0,0,0,0,0,0,0,0,0,0,0,0,0,0,0,32,32,163.47882949158083,163.47882949158083,0.0,0.0,0.0,0.0,0.0,0,0,0,0,1,1,0,0,1.0,0.0,0.0,0.0,32,0,0,0,0,0,0,1,0,1,0,181,1593,0,32,0,0,0,0,0,0,0,0,BENIGN
10.42.0.1-10.42.0.42-53-62401-17,10.42.0.42,62401,10.42.0.1,53,17,11/08/2017 10:09:26,50132,1,1,36.0,78.0,36.0,36.0,36.0,0.0,78.0,78.0,78.0,0.0,2273.9966488470436,39.89467804994813,50132.0,0.0,50132.0,50132.0,0,0,0,0,0,0,0,0,0,0,0,0,0,0,32,40,19.947339024974067,19.947339024974067,36.0,78.0,50.0,24.24871130596428,588.0,0,0,0,0,0,0,0,0,1.0,75.0,36.0,78.0,32,0,0,0,0,0,0,1,36,1,78,-1,-1,0,32,0,0,0,0,0,0,0,0,BENIGN
10.42.0.1-10.42.0.42-53-16366-17,10.42.0.42,16366,10.42.0.1,53,17,11/08/2017 10:10:43,31952,1,1,36.0,52.0,36.0,36.0,36.0,0.0,52.0,52.0,52.0,0.0,2754.131196795193,62.59389083625438,31952.0,0.0,31952.0,31952.0,0,0,0,0,0,0,0,0,0,0,0,0,0,0,20,20,31.29694541812719,31.29694541812719,36.0,52.0,41.333333333333336,9.237604307034012,85.33333333333333,0,0,0,0,0,0,0,0,1.0,62.0,36.0,52.0,20,0,0,0,0,0,0,1,36,1,52,-1,-1,0,20,0,0,0,0,0,0,0,0,BENIGN
10.42.0.1-10.42.0.42-53-10703-17,10.42.0.42,10703,10.42.0.1,53,17,11/08/2017 10:08:48,171585,1,1,34.0,136.0,34.0,34.0,34.0,0.0,136.0,136.0,136.0,0.0,990.762595798001,11.656030538800012,171585.0,0.0,171585.0,171585.0,0,0,0,0,0,0,0,0,0,0,0,0,0,0,32,32,5.828015269400006,5.828015269400006,34.0,136.0,68.0,58.88972745734183,3468.0,0,0,0,0,0,0,0,0,1.0,102.0,34.0,136.0,32,0,0,0,0,0,0,1,34,1,136,-1,-1,0,32,0,0,0,0,0,0,0,0,BENIGN
180.149.138.210-10.42.0.42-80-34678-6,180.149.138.210,80,10.42.0.42,34678,6,11/08/2017 10:10:39,12110,3,2,2920.0,0.0,1460.0,0.0,973.3333333333333,842.9313930168537,0.0,0.0,0.0,0.0,241123.0388109001,412.8819157720892,3027.5,3153.307945634235,6673.0,238.0,5199.0,2599.5,2897.016482521285,4648.0,551.0,238.0,238.0,0.0,238.0,238.0,0,0,0,0,60,64,247.72914946325352,165.15276630883568,0.0,1460.0,730.0,799.6749339575425,639480.0,0,0,0,0,1,0,0,0,0.0,876.0,973.3333333333334,0.0,60,0,0,0,0,0,0,3,2920,2,0,125,1597,1,20,0,0,0,0,0,0,0,0,BENIGN
10.42.0.42-64.71.142.96-56374-80-6,64.71.142.96,80,10.42.0.42,56374,6,11/08/2017 10:11:01,9458,1,1,0.0,0.0,0.0,0.0,0.0,0.0,0.0,0.0,0.0,0.0,0.0,211.4611968703743,9458.0,0.0,9458.0,9458.0,0,0,0,0,0,0,0,0,0,0,0,0,0,0,20,20,105.73059843518715,105.73059843518715,0.0,0.0,0.0,0.0,0.0,0,0,0,0,1,1,0,0,1.0,0.0,0.0,0.0,20,0,0,0,0,0,0,1,0,1,0,29,1369,0,20,0,0,0,0,0,0,0,0,BENIGN
172.217.10.238-10.42.0.42-80-56833-6,10.42.0.42,56833,172.217.10.238,80,6,11/08/2017 10:12:46,74041,2,0,0.0,0.0,0.0,0.0,0.0,0.0,0,0,0,0,0.0,27.012060885185235,74041.0,0.0,74041.0,74041.0,74041.0,74041.0,0.0,74041.0,74041.0,0,0,0,0,0,0,0,0,0,64,0,27.012060885185235,0.0,0.0,0.0,0.0,0.0,0.0,0,0,0,0,1,1,0,0,0.0,0.0,0.0,0.0,64,0,0,0,0,0,0,2,0,0,0,170,-1,0,32,0,0,0,0,0,0,0,0,BENIGN
10.42.0.1-10.42.0.42-53-36910-17,10.42.0.42,36910,10.42.0.1,53,17,11/08/2017 10:10:50,367838,1,1,34.0,50.0,34.0,34.0,34.0,0.0,50.0,50.0,50.0,0.0,228.36139822421828,5.4371761481956735,367838.0,0.0,367838.0,367838.0,0,0,0,0,0,0,0,0,0,0,0,0,0,0,20,40,2.7185880740978368,2.7185880740978368,34.0,50.0,39.333333333333336,9.237604307034012,85.33333333333333,0,0,0,0,0,0,0,0,1.0,59.0,34.0,50.0,20,0,0,0,0,0,0,1,34,1,50,-1,-1,0,20,0,0,0,0,0,0,0,0,BENIGN
10.42.0.42-23.206.125.17-40983-80-6,10.42.0.42,40983,23.206.125.17,80,6,11/08/2017 10:18:56,107804,2,0,0.0,0.0,0.0,0.0,0.0,0.0,0,0,0,0,0.0,18.55218730288301,107804.0,0.0,107804.0,107804.0,107804.0,107804.0,0.0,107804.0,107804.0,0,0,0,0,0,0,0,0,0,64,0,18.55218730288301,0.0,0.0,0.0,0.0,0.0,0.0,0,0,0,0,1,1,0,0,0.0,0.0,0.0,0.0,64,0,0,0,0,0,0,2,0,0,0,939,-1,0,32,0,0,0,0,0,0,0,0,BENIGN
10.42.0.1-10.42.0.42-53-51835-17,10.42.0.42,51835,10.42.0.1,53,17,11/08/2017 10:10:51,686674,1,1,31.0,102.0,31.0,31.0,31.0,0.0,102.0,102.0,102.0,0.0,193.68725188371775,2.9125902538904924,686674.0,0.0,686674.0,686674.0,0,0,0,0,0,0,0,0,0,0,0,0,0,0,40,32,1.4562951269452462,1.4562951269452462,31.0,102.0,54.66666666666667,40.991869112463434,1680.3333333333335,0,0,0,0,0,0,0,0,1.0,82.0,31.0,102.0,40,0,0,0,0,0,0,1,31,1,102,-1,-1,0,40,0,0,0,0,0,0,0,0,BENIGN
10.42.0.1-10.42.0.42-53-55028-17,10.42.0.42,55028,10.42.0.1,53,17,11/08/2017 10:08:30,51392,1,1,34.0,79.0,34.0,34.0,34.0,0.0,79.0,79.0,79.0,0.0,2198.785803237858,38.916562889165625,51392.0,0.0,51392.0,51392.0,0,0,0,0,0,0,0,0,0,0,0,0,0,0,32,32,19.458281444582813,19.458281444582813,34.0,79.0,49.0,25.98076211353316,675.0,0,0,0,0,0,0,0,0,1.0,73.5,34.0,79.0,32,0,0,0,0,0,0,1,34,1,79,-1,-1,0,32,0,0,0,0,0,0,0,0,BENIGN
10.42.0.1-10.42.0.42-53-63143-17,10.42.0.42,63143,10.42.0.1,53,17,11/08/2017 10:10:36,31707,1,1,33.0,49.0,33.0,33.0,33.0,0.0,49.0,49.0,49.0,0.0,2586.1797079509256,63.077553852461605,31707.0,0.0,31707.0,31707.0,0,0,0,0,0,0,0,0,0,0,0,0,0,0,40,32,31.538776926230803,31.538776926230803,33.0,49.0,38.333333333333336,9.237604307034012,85.33333333333333,0,0,0,0,0,0,0,0,1.0,57.5,33.0,49.0,40,0,0,0,0,0,0,1,33,1,49,-1,-1,0,40,0,0,0,0,0,0,0,0,BENIGN
172.217.12.206-10.42.0.42-80-36165-6,172.217.12.206,80,10.42.0.42,36165,6,11/08/2017 09:46:58,183225,1,1,0.0,0.0,0.0,0.0,0.0,0.0,0.0,0.0,0.0,0.0,0.0,10.915541001500888,183225.0,0.0,183225.0,183225.0,0,0,0,0,0,0,0,0,0,0,0,0,0,0,32,32,5.457770500750444,5.457770500750444,0.0,0.0,0.0,0.0,0.0,0,0,0,0,1,1,0,0,1.0,0.0,0.0,0.0,32,0,0,0,0,0,0,1,0,1,0,170,1369,0,32,0,0,0,0,0,0,0,0,BENIGN
10.42.0.42-36.51.254.232-45504-443-6,10.42.0.42,45504,36.51.254.232,443,6,11/08/2017 10:11:10,39392,2,0,0.0,0.0,0.0,0.0,0.0,0.0,0,0,0,0,0.0,50.77173030056864,39392.0,0.0,39392.0,39392.0,39392.0,39392.0,0.0,39392.0,39392.0,0,0,0,0,0,0,0,0,0,40,0,50.77173030056864,0.0,0.0,0.0,0.0,0.0,0.0,0,0,0,0,1,0,0,0,0.0,0.0,0.0,0.0,40,0,0,0,0,0,0,2,0,0,0,2236,-1,0,20,0,0,0,0,0,0,0,0,BENIGN
10.42.0.42-23.192.50.116-53498-80-6,10.42.0.42,53498,23.192.50.116,80,6,11/08/2017 10:19:10,156732,2,0,0.0,0.0,0.0,0.0,0.0,0.0,0,0,0,0,0.0,12.760635990097745,156732.0,0.0,156732.0,156732.0,156732.0,156732.0,0.0,156732.0,156732.0,0,0,0,0,0,0,0,0,0,64,0,12.760635990097745,0.0,0.0,0.0,0.0,0.0,0.0,0,0,0,0,1,1,0,0,0.0,0.0,0.0,0.0,64,0,0,0,0,0,0,2,0,0,0,951,-1,0,32,0,0,0,0,0,0,0,0,BENIGN
10.42.0.42-123.125.115.164-39557-443-6,10.42.0.42,39557,123.125.115.164,443,6,11/08/2017 10:12:02,33752,2,0,0.0,0.0,0.0,0.0,0.0,0.0,0,0,0,0,0.0,59.25574780753733,33752.0,0.0,33752.0,33752.0,33752.0,33752.0,0.0,33752.0,33752.0,0,0,0,0,0,0,0,0,0,40,0,59.25574780753733,0.0,0.0,0.0,0.0,0.0,0.0,0,0,0,0,1,0,0,0,0.0,0.0,0.0,0.0,40,0,0,0,0,0,0,2,0,0,0,1552,-1,0,20,0,0,0,0,0,0,0,0,BENIGN
174.35.73.84-10.42.0.42-80-59108-6,10.42.0.42,59108,174.35.73.84,80,6,11/08/2017 10:10:51,22917,1,1,0.0,0.0,0.0,0.0,0.0,0.0,0.0,0.0,0.0,0.0,0.0,87.27145786970371,22917.0,0.0,22917.0,22917.0,0,0,0,0,0,0,0,0,0,0,0,0,0,0,32,32,43.635728934851855,43.635728934851855,0.0,0.0,0.0,0.0,0.0,0,0,0,0,1,1,0,0,1.0,0.0,0.0,0.0,32,0,0,0,0,0,0,1,0,1,0,1567,675,0,32,0,0,0,0,0,0,0,0,BENIGN
10.42.0.42-64.71.142.96-44842-443-6,64.71.142.96,443,10.42.0.42,44842,6,11/08/2017 10:10:59,166404,1,1,0.0,0.0,0.0,0.0,0.0,0.0,0.0,0.0,0.0,0.0,0.0,12.018941852359319,166404.0,0.0,166404.0,166404.0,0,0,0,0,0,0,0,0,0,0,0,0,0,0,20,20,6.0094709261796595,6.0094709261796595,0.0,0.0,0.0,0.0,0.0,0,0,0,0,1,1,0,0,1.0,0.0,0.0,0.0,20,0,0,0,0,0,0,1,0,1,0,29,1369,0,20,0,0,0,0,0,0,0,0,BENIGN
222.73.28.96-10.42.0.42-80-41660-6,222.73.28.96,80,10.42.0.42,41660,6,11/08/2017 10:10:59,7042,1,1,0.0,0.0,0.0,0.0,0.0,0.0,0.0,0.0,0.0,0.0,0.0,284.0102243680773,7042.0,0.0,7042.0,7042.0,0,0,0,0,0,0,0,0,0,0,0,0,0,0,20,20,142.00511218403864,142.00511218403864,0.0,0.0,0.0,0.0,0.0,0,0,0,0,1,1,0,0,1.0,0.0,0.0,0.0,20,0,0,0,0,0,0,1,0,1,0,58,1369,0,20,0,0,0,0,0,0,0,0,BENIGN
10.42.0.1-10.42.0.42-53-53397-17,10.42.0.42,53397,10.42.0.1,53,17,11/08/2017 10:10:54,31370,1,1,38.0,161.0,38.0,38.0,38.0,0.0,161.0,161.0,161.0,0.0,6343.640420784188,63.755180108383804,31370.0,0.0,31370.0,31370.0,0,0,0,0,0,0,0,0,0,0,0,0,0,0,40,20,31.877590054191902,31.877590054191902,38.0,161.0,79.0,71.01408311032397,5043.0,0,0,0,0,0,0,0,0,1.0,118.5,38.0,161.0,40,0,0,0,0,0,0,1,38,1,161,-1,-1,0,40,0,0,0,0,0,0,0,0,BENIGN
10.42.0.1-10.42.0.42-53-15498-17,10.42.0.42,15498,10.42.0.1,53,17,11/08/2017 10:09:26,51271,1,1,37.0,53.0,37.0,37.0,37.0,0.0,53.0,53.0,53.0,0.0,1755.3782840202064,39.008406311560144,51271.0,0.0,51271.0,51271.0,0,0,0,0,0,0,0,0,0,0,0,0,0,0,32,40,19.504203155780072,19.504203155780072,37.0,53.0,42.333333333333336,9.237604307034012,85.33333333333333,0,0,0,0,0,0,0,0,1.0,63.5,37.0,53.0,32,0,0,0,0,0,0,1,37,1,53,-1,-1,0,32,0,0,0,0,0,0,0,0,BENIGN
172.217.12.164-10.42.0.42-443-40996-6,10.42.0.42,40996,172.217.12.164,443,6,11/08/2017 10:19:47,196288,2,0,0.0,0.0,0.0,0.0,0.0,0.0,0,0,0,0,0.0,10.18910987936094,196288.0,0.0,196288.0,196288.0,196288.0,196288.0,0.0,196288.0,196288.0,0,0,0,0,0,0,0,0,0,64,0,10.18910987936094,0.0,0.0,0.0,0.0,0.0,0.0,0,0,0,0,1,1,0,0,0.0,0.0,0.0,0.0,64,0,0,0,0,0,0,2,0,0,0,185,-1,0,32,0,0,0,0,0,0,0,0,BENIGN
10.42.0.42-123.125.29.220-42298-80-6,10.42.0.42,42298,123.125.29.220,80,6,11/08/2017 10:10:42,305714,1,1,0.0,0.0,0.0,0.0,0.0,0.0,0.0,0.0,0.0,0.0,0.0,6.542062188843167,305714.0,0.0,305714.0,305714.0,0,0,0,0,0,0,0,0,0,0,0,0,0,0,20,20,3.2710310944215837,3.2710310944215837,0.0,0.0,0.0,0.0,0.0,0,0,0,0,1,1,0,0,1.0,0.0,0.0,0.0,20,0,0,0,0,0,0,1,0,1,0,1386,137,0,20,0,0,0,0,0,0,0,0,BENIGN
10.42.0.1-10.42.0.42-53-16422-17,10.42.0.42,16422,10.42.0.1,53,17,11/08/2017 10:10:50,100480,1,1,31.0,47.0,31.0,31.0,31.0,0.0,47.0,47.0,47.0,0.0,776.2738853503184,19.904458598726116,100480.0,0.0,100480.0,100480.0,0,0,0,0,0,0,0,0,0,0,0,0,0,0,20,20,9.952229299363058,9.952229299363058,31.0,47.0,36.333333333333336,9.237604307034012,85.33333333333333,0,0,0,0,0,0,0,0,1.0,54.5,31.0,47.0,20,0,0,0,0,0,0,1,31,1,47,-1,-1,0,20,0,0,0,0,0,0,0,0,BENIGN
157.55.56.163-10.42.0.42-40027-46360-17,10.42.0.42,46360,157.55.56.163,40027,17,11/08/2017 10:08:49,36706,2,2,88.0,462.0,49.0,39.0,44.0,7.0710678118654755,441.0,21.0,231.0,296.98484809834997,14983.926333569443,108.97400969868686,12235.333333333332,19409.80407766481,34647.0,861.0,861.0,861.0,0.0,861.0,861.0,1198.0,1198.0,0.0,1198.0,1198.0,0,0,0,0,64,64,54.48700484934343,54.48700484934343,21.0,441.0,119.8,179.91998221431658,32371.199999999997,0,0,0,0,0,0,0,0,1.0,149.75,44.0,231.0,64,0,0,0,0,0,0,2,88,2,462,-1,-1,1,32,0,0,0,0,0,0,0,0,BENIGN
10.42.0.1-10.42.0.42-53-59724-17,10.42.0.42,59724,10.42.0.1,53,17,11/08/2017 10:10:43,1852376,1,1,40.0,126.0,40.0,40.0,40.0,0.0,126.0,126.0,126.0,0.0,89.61463547357556,1.0796944032960911,1852376.0,0.0,1852376.0,1852376.0,0,0,0,0,0,0,0,0,0,0,0,0,0,0,40,20,0.5398472016480456,0.5398472016480456,40.0,126.0,68.66666666666667,49.652123150307816,2465.3333333333335,0,0,0,0,0,0,0,0,1.0,103.0,40.0,126.0,40,0,0,0,0,0,0,1,40,1,126,-1,-1,0,40,0,0,0,0,0,0,0,0,BENIGN
10.42.0.42-104.192.110.245-55618-80-6,104.192.110.245,80,10.42.0.42,55618,6,11/08/2017 10:10:55,2170,1,1,0.0,0.0,0.0,0.0,0.0,0.0,0.0,0.0,0.0,0.0,0.0,921.6589861751152,2170.0,0.0,2170.0,2170.0,0,0,0,0,0,0,0,0,0,0,0,0,0,0,20,20,460.8294930875576,460.8294930875576,0.0,0.0,0.0,0.0,0.0,0,0,0,0,1,1,0,0,1.0,0.0,0.0,0.0,20,0,0,0,0,0,0,1,0,1,0,29,1369,0,20,0,0,0,0,0,0,0,0,BENIGN
172.217.20.99-10.42.0.42-443-60730-6,172.217.20.99,443,10.42.0.42,60730,6,11/08/2017 10:08:52,6240,1,1,0.0,0.0,0.0,0.0,0.0,0.0,0.0,0.0,0.0,0.0,0.0,320.5128205128205,6240.0,0.0,6240.0,6240.0,0,0,0,0,0,0,0,0,0,0,0,0,0,0,32,32,160.25641025641025,160.25641025641025,0.0,0.0,0.0,0.0,0.0,0,0,0,0,1,1,0,0,1.0,0.0,0.0,0.0,32,0,0,0,0,0,0,1,0,1,0,179,1594,0,32,0,0,0,0,0,0,0,0,BENIGN
10.42.0.1-10.42.0.42-53-32881-17,10.42.0.42,32881,10.42.0.1,53,17,11/08/2017 10:09:26,1168,1,1,31.0,47.0,31.0,31.0,31.0,0.0,47.0,47.0,47.0,0.0,66780.82191780822,1712.3287671232877,1168.0,0.0,1168.0,1168.0,0,0,0,0,0,0,0,0,0,0,0,0,0,0,40,40,856.1643835616438,856.1643835616438,31.0,47.0,36.333333333333336,9.237604307034012,85.33333333333333,0,0,0,0,0,0,0,0,1.0,54.5,31.0,47.0,40,0,0,0,0,0,0,1,31,1,47,-1,-1,0,40,0,0,0,0,0,0,0,0,BENIGN
10.42.0.1-10.42.0.42-53-61580-17,10.42.0.42,61580,10.42.0.1,53,17,11/08/2017 10:08:32,31098,1,1,34.0,74.0,34.0,34.0,34.0,0.0,74.0,74.0,74.0,0.0,3472.8921474049775,64.31281754453663,31098.0,0.0,31098.0,31098.0,0,0,0,0,0,0,0,0,0,0,0,0,0,0,32,32,32.156408772268314,32.156408772268314,34.0,74.0,47.333333333333336,23.094010767585033,533.3333333333334,0,0,0,0,0,0,0,0,1.0,71.0,34.0,74.0,32,0,0,0,0,0,0,1,34,1,74,-1,-1,0,32,0,0,0,0,0,0,0,0,BENIGN
10.42.0.1-10.42.0.42-53-15612-17,10.42.0.42,15612,10.42.0.1,53,17,11/08/2017 10:08:48,61696,1,1,34.0,198.0,34.0,34.0,34.0,0.0,198.0,198.0,198.0,0.0,3760.3734439834025,32.41701244813278,61696.0,0.0,61696.0,61696.0,0,0,0,0,0,0,0,0,0,0,0,0,0,0,40,32,16.20850622406639,16.20850622406639,34.0,198.0,88.66666666666666,94.68544414709862,8965.333333333332,0,0,0,0,0,0,0,0,1.0,133.0,34.0,198.0,40,0,0,0,0,0,0,1,34,1,198,-1,-1,0,40,0,0,0,0,0,0,0,0,BENIGN
10.42.0.1-10.42.0.42-53-51263-17,10.42.0.42,51263,10.42.0.1,53,17,11/08/2017 10:10:43,61325,1,1,38.0,84.0,38.0,38.0,38.0,0.0,84.0,84.0,84.0,0.0,1989.4007337953526,32.61312678353037,61325.0,0.0,61325.0,61325.0,0,0,0,0,0,0,0,0,0,0,0,0,0,0,32,20,16.306563391765184,16.306563391765184,38.0,84.0,53.333333333333336,26.558112382722786,705.3333333333334,0,0,0,0,0,0,0,0,1.0,80.0,38.0,84.0,32,0,0,0,0,0,0,1,38,1,84,-1,-1,0,32,0,0,0,0,0,0,0,0,BENIGN
10.42.0.1-10.42.0.42-53-46163-17,10.42.0.42,46163,10.42.0.1,53,17,11/08/2017 10:08:48,31133,1,1,36.0,152.0,36.0,36.0,36.0,0.0,152.0,152.0,152.0,0.0,6038.608550412745,64.24051649375261,31133.0,0.0,31133.0,31133.0,0,0,0,0,0,0,0,0,0,0,0,0,0,0,32,40,32.120258246876304,32.120258246876304,36.0,152.0,74.66666666666666,66.97263122599658,4485.333333333333,0,0,0,0,0,0,0,0,1.0,112.0,36.0,152.0,32,0,0,0,0,0,0,1,36,1,152,-1,-1,0,32,0,0,0,0,0,0,0,0,BENIGN
10.42.0.1-10.42.0.42-53-59494-17,10.42.0.42,59494,10.42.0.1,53,17,11/08/2017 10:10:42,302941,1,1,35.0,51.0,35.0,35.0,35.0,0.0,51.0,51.0,51.0,0.0,283.88366051475367,6.601945593366365,302941.0,0.0,302941.0,302941.0,0,0,0,0,0,0,0,0,0,0,0,0,0,0,20,20,3.3009727966831823,3.3009727966831823,35.0,51.0,40.333333333333336,9.237604307034012,85.33333333333333,0,0,0,0,0,0,0,0,1.0,60.5,35.0,51.0,20,0,0,0,0,0,0,1,35,1,51,-1,-1,0,20,0,0,0,0,0,0,0,0,BENIGN
208.80.154.224-10.42.0.42-443-34506-6,10.42.0.42,34506,208.80.154.224,443,6,11/08/2017 10:09:26,70197705,7,8,290.0,4997.0,205.0,0.0,41.42857142857143,78.7778673292974,1448.0,0.0,624.625,704.6612027877551,75.3158525624164,0.21368219943942612,5014121.785714285,1.8715467374779716E7,7.0039051E7,4.0,7.0197705E7,1.1699617500000002E7,2.8580378136780605E7,7.0039051E7,6660.0,88297.0,12613.857142857145,21533.22011395858,48054.0,4.0,0,0,0,0,232,264,0.09971835973839886,0.11396383970102726,0.0,1448.0,330.4375,571.5073599701057,326620.6624999999,0,0,0,1,0,0,0,0,1.0,352.46666666666664,41.42857142857143,624.625,232,0,0,0,0,0,0,7,290,8,4997,65535,59,2,32,158654.0,0.0,158654.0,158654.0,7.0039051E7,0.0,7.0039051E7,7.0039051E7,BENIGN
10.42.0.1-10.42.0.42-53-58834-17,10.42.0.42,58834,10.42.0.1,53,17,11/08/2017 10:08:36,61034,1,1,42.0,96.0,42.0,42.0,42.0,0.0,96.0,96.0,96.0,0.0,2261.0348330438774,32.768620768751845,61034.0,0.0,61034.0,61034.0,0,0,0,0,0,0,0,0,0,0,0,0,0,0,44,44,16.384310384375922,16.384310384375922,42.0,96.0,60.0,31.176914536239792,972.0,0,0,0,0,0,0,0,0,1.0,90.0,42.0,96.0,44,0,0,0,0,0,0,1,42,1,96,-1,-1,0,44,0,0,0,0,0,0,0,0,BENIGN
10.42.0.1-10.42.0.42-53-10430-17,10.42.0.42,10430,10.42.0.1,53,17,11/08/2017 10:08:48,61371,1,1,36.0,213.0,36.0,36.0,36.0,0.0,213.0,213.0,213.0,0.0,4057.2909028694335,32.5886819507585,61371.0,0.0,61371.0,61371.0,0,0,0,0,0,0,0,0,0,0,0,0,0,0,32,32,16.29434097537925,16.29434097537925,36.0,213.0,95.0,102.19099764656376,10443.0,0,0,0,0,0,0,0,0,1.0,142.5,36.0,213.0,32,0,0,0,0,0,0,1,36,1,213,-1,-1,0,32,0,0,0,0,0,0,0,0,BENIGN
10.42.0.42-119.146.74.49-53852-443-6,10.42.0.42,53852,119.146.74.49,443,6,11/08/2017 10:11:53,48532,2,0,0.0,0.0,0.0,0.0,0.0,0.0,0,0,0,0,0.0,41.20992334954257,48532.0,0.0,48532.0,48532.0,48532.0,48532.0,0.0,48532.0,48532.0,0,0,0,0,0,0,0,0,0,40,0,41.20992334954257,0.0,0.0,0.0,0.0,0.0,0.0,0,0,0,0,1,0,0,0,0.0,0.0,0.0,0.0,40,0,0,0,0,0,0,2,0,0,0,2544,-1,0,20,0,0,0,0,0,0,0,0,BENIGN
10.42.0.42-23.206.125.17-40987-80-6,10.42.0.42,40987,23.206.125.17,80,6,11/08/2017 10:19:22,197638,2,0,0.0,0.0,0.0,0.0,0.0,0.0,0,0,0,0,0.0,10.11951142998816,197638.0,0.0,197638.0,197638.0,197638.0,197638.0,0.0,197638.0,197638.0,0,0,0,0,0,0,0,0,0,64,0,10.11951142998816,0.0,0.0,0.0,0.0,0.0,0.0,0,0,0,0,1,1,0,0,0.0,0.0,0.0,0.0,64,0,0,0,0,0,0,2,0,0,0,1140,-1,0,32,0,0,0,0,0,0,0,0,BENIGN
10.42.0.42-47.89.67.225-56779-80-6,10.42.0.42,56779,47.89.67.225,80,6,11/08/2017 10:12:54,195408,2,0,0.0,0.0,0.0,0.0,0.0,0.0,0,0,0,0,0.0,10.234995496601982,195408.0,0.0,195408.0,195408.0,195408.0,195408.0,0.0,195408.0,195408.0,0,0,0,0,0,0,0,0,0,40,0,10.234995496601982,0.0,0.0,0.0,0.0,0.0,0.0,0,0,0,0,1,1,0,0,0.0,0.0,0.0,0.0,40,0,0,0,0,0,0,2,0,0,0,32,-1,0,20,0,0,0,0,0,0,0,0,BENIGN
219.142.78.162-10.42.0.42-80-52866-6,10.42.0.42,52866,219.142.78.162,80,6,11/08/2017 10:10:39,255165,1,1,0.0,0.0,0.0,0.0,0.0,0.0,0.0,0.0,0.0,0.0,0.0,7.8380655654184554,255165.0,0.0,255165.0,255165.0,0,0,0,0,0,0,0,0,0,0,0,0,0,0,20,20,3.9190327827092277,3.9190327827092277,0.0,0.0,0.0,0.0,0.0,0,0,0,0,1,1,0,0,1.0,0.0,0.0,0.0,20,0,0,0,0,0,0,1,0,1,0,1386,125,0,20,0,0,0,0,0,0,0,0,BENIGN
206.126.112.141-10.42.0.42-443-54545-6,206.126.112.141,443,10.42.0.42,54545,6,11/08/2017 09:45:46,184486,3,0,0.0,0.0,0.0,0.0,0.0,0.0,0,0,0,0,0.0,16.261396528733886,92243.0,72520.87147849232,143523.0,40963.0,184486.0,92243.0,72520.87147849232,143523.0,40963.0,0,0,0,0,0,0,0,0,0,96,0,16.261396528733886,0.0,0.0,0.0,0.0,0.0,0.0,0,0,0,0,1,0,0,0,0.0,0.0,0.0,0.0,96,0,0,0,0,0,0,3,0,0,0,123,-1,0,32,0,0,0,0,0,0,0,0,BENIGN
172.217.6.202-10.42.0.42-443-39076-6,172.217.6.202,443,10.42.0.42,39076,6,11/08/2017 09:47:18,54692,1,1,0.0,0.0,0.0,0.0,0.0,0.0,0.0,0.0,0.0,0.0,0.0,36.568419512908655,54692.0,0.0,54692.0,54692.0,0,0,0,0,0,0,0,0,0,0,0,0,0,0,32,32,18.284209756454327,18.284209756454327,0.0,0.0,0.0,0.0,0.0,0,0,0,0,1,1,0,0,1.0,0.0,0.0,0.0,32,0,0,0,0,0,0,1,0,1,0,181,1548,0,32,0,0,0,0,0,0,0,0,BENIGN
10.42.0.42-14.29.93.254-33150-80-6,14.29.93.254,80,10.42.0.42,33150,6,11/08/2017 10:10:55,4562,1,1,0.0,0.0,0.0,0.0,0.0,0.0,0.0,0.0,0.0,0.0,0.0,438.4042086804033,4562.0,0.0,4562.0,4562.0,0,0,0,0,0,0,0,0,0,0,0,0,0,0,20,20,219.20210434020166,219.20210434020166,0.0,0.0,0.0,0.0,0.0,0,0,0,0,1,1,0,0,1.0,0.0,0.0,0.0,20,0,0,0,0,0,0,1,0,1,0,8190,65535,0,20,0,0,0,0,0,0,0,0,BENIGN
10.42.0.1-10.42.0.42-53-13432-17,10.42.0.42,13432,10.42.0.1,53,17,11/08/2017 10:10:40,351592,1,1,43.0,107.0,43.0,43.0,43.0,0.0,107.0,107.0,107.0,0.0,426.6308675965323,5.688411567953764,351592.0,0.0,351592.0,351592.0,0,0,0,0,0,0,0,0,0,0,0,0,0,0,32,20,2.844205783976882,2.844205783976882,43.0,107.0,64.33333333333333,36.95041722813605,1365.3333333333333,0,0,0,0,0,0,0,0,1.0,96.5,43.0,107.0,32,0,0,0,0,0,0,1,43,1,107,-1,-1,0,32,0,0,0,0,0,0,0,0,BENIGN
10.42.0.1-10.42.0.42-53-53327-17,10.42.0.42,53327,10.42.0.1,53,17,11/08/2017 10:10:50,342543,1,1,31.0,63.0,31.0,31.0,31.0,0.0,63.0,63.0,63.0,0.0,274.4181022528559,5.838683026656508,342543.0,0.0,342543.0,342543.0,0,0,0,0,0,0,0,0,0,0,0,0,0,0,20,32,2.919341513328254,2.919341513328254,31.0,63.0,41.666666666666664,18.475208614068023,341.3333333333333,0,0,0,0,0,0,0,0,1.0,62.5,31.0,63.0,20,0,0,0,0,0,0,1,31,1,63,-1,-1,0,20,0,0,0,0,0,0,0,0,BENIGN
10.42.0.42-37.15.199.138-46360-15323-17,10.42.0.42,46360,37.15.199.138,15323,17,11/08/2017 10:08:49,747208,5,5,90.0,130.0,18.0,18.0,18.0,0.0,26.0,26.0,26.0,0.0,294.42939583087974,13.38315435594908,83023.11111111111,76059.61352525472,152426.0,2604.0,594782.0,148695.5,3419.1560849620937,152029.0,145152.0,598662.0,149665.5,4860.537864612657,155110.0,144047.0,0,0,0,0,160,160,6.69157717797454,6.69157717797454,18.0,26.0,21.63636363636364,4.177863742936748,17.454545454545453,0,0,0,0,0,0,0,0,1.0,23.8,18.0,26.0,160,0,0,0,0,0,0,5,90,5,130,-1,-1,4,32,0,0,0,0,0,0,0,0,BENIGN
10.42.0.1-10.42.0.42-53-46631-17,10.42.0.42,46631,10.42.0.1,53,17,11/08/2017 10:10:38,306074,1,1,39.0,78.0,39.0,39.0,39.0,0.0,78.0,78.0,78.0,0.0,382.2604990949901,6.534367505897267,306074.0,0.0,306074.0,306074.0,0,0,0,0,0,0,0,0,0,0,0,0,0,0,32,32,3.2671837529486334,3.2671837529486334,39.0,78.0,52.0,22.516660498395403,507.0,0,0,0,0,0,0,0,0,1.0,78.0,39.0,78.0,32,0,0,0,0,0,0,1,39,1,78,-1,-1,0,32,0,0,0,0,0,0,0,0,BENIGN
10.42.0.1-10.42.0.42-53-2570-17,10.42.0.42,2570,10.42.0.1,53,17,11/08/2017 10:10:35,149,1,1,32.0,225.0,32.0,32.0,32.0,0.0,225.0,225.0,225.0,0.0,1724832.2147651007,13422.818791946309,149.0,0.0,149.0,149.0,0,0,0,0,0,0,0,0,0,0,0,0,0,0,20,20,6711.4093959731545,6711.4093959731545,32.0,225.0,96.33333333333333,111.42860195359776,12416.333333333332,0,0,0,0,0,0,0,0,1.0,144.5,32.0,225.0,20,0,0,0,0,0,0,1,32,1,225,-1,-1,0,20,0,0,0,0,0,0,0,0,BENIGN
10.42.0.1-10.42.0.42-53-19689-17,10.42.0.42,19689,10.42.0.1,53,17,11/08/2017 10:10:38,31598,1,1,42.0,81.0,42.0,42.0,42.0,0.0,81.0,81.0,81.0,0.0,3892.65143363504,63.295145262358375,31598.0,0.0,31598.0,31598.0,0,0,0,0,0,0,0,0,0,0,0,0,0,0,32,40,31.647572631179187,31.647572631179187,42.0,81.0,55.0,22.516660498395403,507.0,0,0,0,0,0,0,0,0,1.0,82.5,42.0,81.0,32,0,0,0,0,0,0,1,42,1,81,-1,-1,0,32,0,0,0,0,0,0,0,0,BENIGN
239.255.255.250-10.42.0.42-1900-42414-17,10.42.0.42,42414,239.255.255.250,1900,17,11/08/2017 10:08:48,329,4,0,530.0,0.0,133.0,132.0,132.5,0.577350269189623,0,0,0,0,1610942.2492401218,12158.0547112462,109.66666666666666,152.71651296874657,286.0,20.0,329.0,109.66666666666666,152.71651296874657,286.0,20.0,0,0,0,0,0,0,0,0,0,128,0,12158.0547112462,0.0,132.0,133.0,132.6,0.5477225575051661,0.3,0,0,0,0,0,0,0,0,0.0,165.75,132.5,0.0,128,0,0,0,0,0,0,4,530,0,0,-1,-1,3,32,0,0,0,0,0,0,0,0,BENIGN
10.42.0.1-10.42.0.42-53-59231-17,10.42.0.42,59231,10.42.0.1,53,17,11/08/2017 10:10:54,31859,1,1,34.0,80.0,34.0,34.0,34.0,0.0,80.0,80.0,80.0,0.0,3578.266737813491,62.7766094353244,31859.0,0.0,31859.0,31859.0,0,0,0,0,0,0,0,0,0,0,0,0,0,0,20,32,31.3883047176622,31.3883047176622,34.0,80.0,49.333333333333336,26.558112382722786,705.3333333333334,0,0,0,0,0,0,0,0,1.0,74.0,34.0,80.0,20,0,0,0,0,0,0,1,34,1,80,-1,-1,0,20,0,0,0,0,0,0,0,0,BENIGN
10.42.0.1-10.42.0.42-53-37318-17,10.42.0.42,37318,10.42.0.1,53,17,11/08/2017 10:08:33,31194,1,1,40.0,80.0,40.0,40.0,40.0,0.0,80.0,80.0,80.0,0.0,3846.893633391037,64.11489388985062,31194.0,0.0,31194.0,31194.0,0,0,0,0,0,0,0,0,0,0,0,0,0,0,40,40,32.05744694492531,32.05744694492531,40.0,80.0,53.333333333333336,23.094010767585033,533.3333333333334,0,0,0,0,0,0,0,0,1.0,80.0,40.0,80.0,40,0,0,0,0,0,0,1,40,1,80,-1,-1,0,40,0,0,0,0,0,0,0,0,BENIGN
10.42.0.1-10.42.0.42-53-3999-17,10.42.0.42,3999,10.42.0.1,53,17,11/08/2017 10:10:44,61763,1,1,38.0,183.0,38.0,38.0,38.0,0.0,183.0,183.0,183.0,0.0,3578.1940644074934,32.381846736719396,61763.0,0.0,61763.0,61763.0,0,0,0,0,0,0,0,0,0,0,0,0,0,0,20,20,16.190923368359698,16.190923368359698,38.0,183.0,86.33333333333334,83.71578903249574,7008.333333333334,0,0,0,0,0,0,0,0,1.0,129.5,38.0,183.0,20,0,0,0,0,0,0,1,38,1,183,-1,-1,0,20,0,0,0,0,0,0,0,0,BENIGN
10.42.0.1-10.42.0.42-53-22458-17,10.42.0.42,22458,10.42.0.1,53,17,11/08/2017 10:08:33,50176,1,1,33.0,76.0,33.0,33.0,33.0,0.0,76.0,76.0,76.0,0.0,2172.3533163265306,39.859693877551024,50176.0,0.0,50176.0,50176.0,0,0,0,0,0,0,0,0,0,0,0,0,0,0,32,40,19.929846938775512,19.929846938775512,33.0,76.0,47.333333333333336,24.826061575153908,616.3333333333334,0,0,0,0,0,0,0,0,1.0,71.0,33.0,76.0,32,0,0,0,0,0,0,1,33,1,76,-1,-1,0,32,0,0,0,0,0,0,0,0,BENIGN
10.42.0.1-10.42.0.42-53-37949-17,10.42.0.42,37949,10.42.0.1,53,17,11/08/2017 10:10:37,754496,1,1,37.0,109.0,37.0,37.0,37.0,0.0,109.0,109.0,109.0,0.0,193.5066587496819,2.6507761472559164,754496.0,0.0,754496.0,754496.0,0,0,0,0,0,0,0,0,0,0,0,0,0,0,32,32,1.3253880736279582,1.3253880736279582,37.0,109.0,61.0,41.569219381653056,1728.0,0,0,0,0,0,0,0,0,1.0,91.5,37.0,109.0,32,0,0,0,0,0,0,1,37,1,109,-1,-1,0,32,0,0,0,0,0,0,0,0,BENIGN
10.42.0.42-23.206.125.17-40971-80-6,10.42.0.42,40971,23.206.125.17,80,6,11/08/2017 10:18:55,39867,2,0,0.0,0.0,0.0,0.0,0.0,0.0,0,0,0,0,0.0,50.166804625379385,39867.0,0.0,39867.0,39867.0,39867.0,39867.0,0.0,39867.0,39867.0,0,0,0,0,0,0,0,0,0,64,0,50.166804625379385,0.0,0.0,0.0,0.0,0.0,0.0,0,0,0,0,1,1,0,0,0.0,0.0,0.0,0.0,64,0,0,0,0,0,0,2,0,0,0,939,-1,0,32,0,0,0,0,0,0,0,0,BENIGN
10.42.0.1-10.42.0.42-53-22515-17,10.42.0.42,22515,10.42.0.1,53,17,11/08/2017 10:08:29,1353,1,1,36.0,214.0,36.0,36.0,36.0,0.0,214.0,214.0,214.0,0.0,184774.57501847745,1478.1966001478197,1353.0,0.0,1353.0,1353.0,0,0,0,0,0,0,0,0,0,0,0,0,0,0,32,32,739.0983000739099,739.0983000739099,36.0,214.0,95.33333333333334,102.7683479157534,10561.333333333334,0,0,0,0,0,0,0,0,1.0,143.0,36.0,214.0,32,0,0,0,0,0,0,1,36,1,214,-1,-1,0,32,0,0,0,0,0,0,0,0,BENIGN
10.42.0.1-10.42.0.42-53-11342-17,10.42.0.42,11342,10.42.0.1,53,17,11/08/2017 10:10:49,561695,1,1,31.0,139.0,31.0,31.0,31.0,0.0,139.0,139.0,139.0,0.0,302.655355664551,3.560651243112365,561695.0,0.0,561695.0,561695.0,0,0,0,0,0,0,0,0,0,0,0,0,0,0,20,32,1.7803256215561825,1.7803256215561825,31.0,139.0,67.0,62.353829072479584,3888.0,0,0,0,0,0,0,0,0,1.0,100.5,31.0,139.0,20,0,0,0,0,0,0,1,31,1,139,-1,-1,0,20,0,0,0,0,0,0,0,0,BENIGN
10.42.0.1-10.42.0.42-53-41573-17,10.42.0.42,41573,10.42.0.1,53,17,11/08/2017 10:10:37,655306,1,1,34.0,141.0,34.0,34.0,34.0,0.0,141.0,141.0,141.0,0.0,267.05081290267447,3.0520092903162794,655306.0,0.0,655306.0,655306.0,0,0,0,0,0,0,0,0,0,0,0,0,0,0,40,32,1.5260046451581397,1.5260046451581397,34.0,141.0,69.66666666666666,61.776478803289955,3816.333333333333,0,0,0,0,0,0,0,0,1.0,104.5,34.0,141.0,40,0,0,0,0,0,0,1,34,1,141,-1,-1,0,40,0,0,0,0,0,0,0,0,BENIGN
10.42.0.1-10.42.0.42-53-24994-17,10.42.0.42,24994,10.42.0.1,53,17,11/08/2017 10:10:42,31972,1,1,34.0,50.0,34.0,34.0,34.0,0.0,50.0,50.0,50.0,0.0,2627.29888652571,62.55473539346929,31972.0,0.0,31972.0,31972.0,0,0,0,0,0,0,0,0,0,0,0,0,0,0,20,20,31.277367696734643,31.277367696734643,34.0,50.0,39.333333333333336,9.237604307034012,85.33333333333333,0,0,0,0,0,0,0,0,1.0,59.0,34.0,50.0,20,0,0,0,0,0,0,1,34,1,50,-1,-1,0,20,0,0,0,0,0,0,0,0,BENIGN
203.90.242.126-10.42.0.42-80-49004-6,203.90.242.126,80,10.42.0.42,49004,6,11/08/2017 10:10:49,2616,1,1,0.0,0.0,0.0,0.0,0.0,0.0,0.0,0.0,0.0,0.0,0.0,764.5259938837921,2616.0,0.0,2616.0,2616.0,0,0,0,0,0,0,0,0,0,0,0,0,0,0,32,32,382.26299694189606,382.26299694189606,0.0,0.0,0.0,0.0,0.0,0,0,0,0,1,1,0,0,1.0,0.0,0.0,0.0,32,0,0,0,0,0,0,1,0,1,0,227,1369,0,32,0,0,0,0,0,0,0,0,BENIGN
10.42.0.42-23.206.125.17-41043-80-6,10.42.0.42,41043,23.206.125.17,80,6,11/08/2017 10:18:59,43695,2,0,0.0,0.0,0.0,0.0,0.0,0.0,0,0,0,0,0.0,45.77182744021055,43695.0,0.0,43695.0,43695.0,43695.0,43695.0,0.0,43695.0,43695.0,0,0,0,0,0,0,0,0,0,64,0,45.77182744021055,0.0,0.0,0.0,0.0,0.0,0.0,0,0,0,0,1,1,0,0,0.0,0.0,0.0,0.0,64,0,0,0,0,0,0,2,0,0,0,942,-1,0,32,0,0,0,0,0,0,0,0,BENIGN
10.42.0.1-10.42.0.42-53-41747-17,10.42.0.42,41747,10.42.0.1,53,17,11/08/2017 10:10:49,1447,1,1,40.0,98.0,40.0,40.0,40.0,0.0,98.0,98.0,98.0,0.0,95369.73047684865,1382.1700069108501,1447.0,0.0,1447.0,1447.0,0,0,0,0,0,0,0,0,0,0,0,0,0,0,20,20,691.0850034554251,691.0850034554251,40.0,98.0,59.33333333333333,33.48631561299829,1121.3333333333333,0,0,0,0,0,0,0,0,1.0,89.0,40.0,98.0,20,0,0,0,0,0,0,1,40,1,98,-1,-1,0,20,0,0,0,0,0,0,0,0,BENIGN
10.42.0.1-10.42.0.42-53-8836-17,10.42.0.42,8836,10.42.0.1,53,17,11/08/2017 09:45:33,62465,1,1,40.0,98.0,40.0,40.0,40.0,0.0,98.0,98.0,98.0,0.0,2209.2371728167773,32.01793004082286,62465.0,0.0,62465.0,62465.0,0,0,0,0,0,0,0,0,0,0,0,0,0,0,32,32,16.00896502041143,16.00896502041143,40.0,98.0,59.33333333333333,33.48631561299829,1121.3333333333333,0,0,0,0,0,0,0,0,1.0,89.0,40.0,98.0,32,0,0,0,0,0,0,1,40,1,98,-1,-1,0,32,0,0,0,0,0,0,0,0,BENIGN
172.217.10.106-10.42.0.42-443-50213-6,10.42.0.42,50213,172.217.10.106,443,6,11/08/2017 10:15:16,72103,2,0,0.0,0.0,0.0,0.0,0.0,0.0,0,0,0,0,0.0,27.738096889172432,72103.0,0.0,72103.0,72103.0,72103.0,72103.0,0.0,72103.0,72103.0,0,0,0,0,0,0,0,0,0,64,0,27.738096889172432,0.0,0.0,0.0,0.0,0.0,0.0,0,0,0,0,1,1,0,0,0.0,0.0,0.0,0.0,64,0,0,0,0,0,0,2,0,0,0,202,-1,0,32,0,0,0,0,0,0,0,0,BENIGN
172.217.3.109-10.42.0.42-443-44434-6,10.42.0.42,44434,172.217.3.109,443,6,11/08/2017 10:13:26,15423,1,1,0.0,0.0,0.0,0.0,0.0,0.0,0.0,0.0,0.0,0.0,0.0,129.67645723918824,15423.0,0.0,15423.0,15423.0,0,0,0,0,0,0,0,0,0,0,0,0,0,0,44,32,64.83822861959412,64.83822861959412,0.0,0.0,0.0,0.0,0.0,0,0,0,0,1,0,0,0,1.0,0.0,0.0,0.0,44,0,0,0,0,0,0,1,0,1,0,1726,185,0,44,0,0,0,0,0,0,0,0,BENIGN
172.217.7.227-10.42.0.42-443-46646-6,172.217.7.227,443,10.42.0.42,46646,6,11/08/2017 09:46:19,146589,1,1,0.0,0.0,0.0,0.0,0.0,0.0,0.0,0.0,0.0,0.0,0.0,13.643588536656912,146589.0,0.0,146589.0,146589.0,0,0,0,0,0,0,0,0,0,0,0,0,0,0,32,32,6.821794268328456,6.821794268328456,0.0,0.0,0.0,0.0,0.0,0,0,0,0,1,1,0,0,1.0,0.0,0.0,0.0,32,0,0,0,0,0,0,1,0,1,0,237,8170,0,32,0,0,0,0,0,0,0,0,BENIGN
208.80.154.224-10.42.0.42-443-34505-6,10.42.0.42,34505,208.80.154.224,443,6,11/08/2017 10:09:26,70198758,7,8,290.0,4997.0,205.0,0.0,41.42857142857143,78.7778673292974,1448.0,0.0,624.625,704.6612027877551,75.31472280463994,0.21367899414972555,5014197.0,1.8717617693014182E7,7.0046599E7,4.0,7.0198758E7,1.1699793000000002E7,2.858398926939623E7,7.0046599E7,6623.0,86110.0,12301.42857142857,20787.716997120704,45167.0,4.0,0,0,0,0,232,264,0.0997168639365386,0.11396213021318696,0.0,1448.0,330.4375,571.5073599701057,326620.6624999999,0,0,0,1,0,0,0,0,1.0,352.46666666666664,41.42857142857143,624.625,232,0,0,0,0,0,0,7,290,8,4997,65535,59,2,32,152159.0,0.0,152159.0,152159.0,7.0046599E7,0.0,7.0046599E7,7.0046599E7,BENIGN
10.42.0.42-23.206.125.17-40992-80-6,10.42.0.42,40992,23.206.125.17,80,6,11/08/2017 10:18:56,37631,2,0,0.0,0.0,0.0,0.0,0.0,0.0,0,0,0,0,0.0,53.147670803327046,37631.0,0.0,37631.0,37631.0,37631.0,37631.0,0.0,37631.0,37631.0,0,0,0,0,0,0,0,0,0,64,0,53.147670803327046,0.0,0.0,0.0,0.0,0.0,0.0,0,0,0,0,1,1,0,0,0.0,0.0,0.0,0.0,64,0,0,0,0,0,0,2,0,0,0,939,-1,0,32,0,0,0,0,0,0,0,0,BENIGN
10.42.0.1-10.42.0.42-53-57143-17,10.42.0.42,57143,10.42.0.1,53,17,11/08/2017 10:08:47,31094,1,1,46.0,188.0,46.0,46.0,46.0,0.0,188.0,188.0,188.0,0.0,7525.567633627066,64.32109088570142,31094.0,0.0,31094.0,31094.0,0,0,0,0,0,0,0,0,0,0,0,0,0,0,32,32,32.16054544285071,32.16054544285071,46.0,188.0,93.33333333333334,81.98373822492687,6721.333333333334,0,0,0,0,0,0,0,0,1.0,140.0,46.0,188.0,32,0,0,0,0,0,0,1,46,1,188,-1,-1,0,32,0,0,0,0,0,0,0,0,BENIGN
219.142.78.162-10.42.0.42-80-52888-6,10.42.0.42,52888,219.142.78.162,80,6,11/08/2017 10:10:41,256787,1,1,0.0,0.0,0.0,0.0,0.0,0.0,0.0,0.0,0.0,0.0,0.0,7.788556274266221,256787.0,0.0,256787.0,256787.0,0,0,0,0,0,0,0,0,0,0,0,0,0,0,20,20,3.8942781371331106,3.8942781371331106,0.0,0.0,0.0,0.0,0.0,0,0,0,0,1,1,0,0,1.0,0.0,0.0,0.0,20,0,0,0,0,0,0,1,0,1,0,1386,124,0,20,0,0,0,0,0,0,0,0,BENIGN
172.217.6.202-10.42.0.42-443-59208-6,10.42.0.42,59208,172.217.6.202,443,6,11/08/2017 09:54:04,97242,2,0,0.0,0.0,0.0,0.0,0.0,0.0,0,0,0,0,0.0,20.567244606240102,97242.0,0.0,97242.0,97242.0,97242.0,97242.0,0.0,97242.0,97242.0,0,0,0,0,0,0,0,0,0,64,0,20.567244606240102,0.0,0.0,0.0,0.0,0.0,0.0,0,0,0,0,1,1,0,0,0.0,0.0,0.0,0.0,64,0,0,0,0,0,0,2,0,0,0,202,-1,0,32,0,0,0,0,0,0,0,0,BENIGN
10.42.0.1-10.42.0.42-53-7374-17,10.42.0.42,7374,10.42.0.1,53,17,11/08/2017 10:10:48,32031,1,1,32.0,151.0,32.0,32.0,32.0,0.0,151.0,151.0,151.0,0.0,5713.215322656178,62.439511723018335,32031.0,0.0,32031.0,32031.0,0,0,0,0,0,0,0,0,0,0,0,0,0,0,40,32,31.219755861509167,31.219755861509167,32.0,151.0,71.66666666666666,68.70468203356546,4720.333333333333,0,0,0,0,0,0,0,0,1.0,107.5,32.0,151.0,40,0,0,0,0,0,0,1,32,1,151,-1,-1,0,40,0,0,0,0,0,0,0,0,BENIGN
10.42.0.1-10.42.0.42-53-49347-17,10.42.0.42,49347,10.42.0.1,53,17,11/08/2017 09:45:29,1403,1,1,53.0,279.0,53.0,53.0,53.0,0.0,279.0,279.0,279.0,0.0,236635.78047042055,1425.5167498218104,1403.0,0.0,1403.0,1403.0,0,0,0,0,0,0,0,0,0,0,0,0,0,0,32,32,712.7583749109052,712.7583749109052,53.0,279.0,128.33333333333331,130.48116083685542,17025.333333333332,0,0,0,0,0,0,0,0,1.0,192.5,53.0,279.0,32,0,0,0,0,0,0,1,53,1,279,-1,-1,0,32,0,0,0,0,0,0,0,0,BENIGN
10.42.0.1-10.42.0.42-53-5892-17,10.42.0.42,5892,10.42.0.1,53,17,11/08/2017 10:10:40,419947,1,1,38.0,81.0,38.0,38.0,38.0,0.0,81.0,81.0,81.0,0.0,283.369091813967,4.762505744772555,419947.0,0.0,419947.0,419947.0,0,0,0,0,0,0,0,0,0,0,0,0,0,0,40,20,2.3812528723862774,2.3812528723862774,38.0,81.0,52.333333333333336,24.826061575153908,616.3333333333334,0,0,0,0,0,0,0,0,1.0,78.5,38.0,81.0,40,0,0,0,0,0,0,1,38,1,81,-1,-1,0,40,0,0,0,0,0,0,0,0,BENIGN
10.42.0.1-10.42.0.42-53-38196-17,10.42.0.42,38196,10.42.0.1,53,17,11/08/2017 10:10:36,618563,1,1,37.0,182.0,37.0,37.0,37.0,0.0,182.0,182.0,182.0,0.0,354.04639462754807,3.2333004075575165,618563.0,0.0,618563.0,618563.0,0,0,0,0,0,0,0,0,0,0,0,0,0,0,20,20,1.6166502037787582,1.6166502037787582,37.0,182.0,85.33333333333334,83.71578903249574,7008.333333333334,0,0,0,0,0,0,0,0,1.0,128.0,37.0,182.0,20,0,0,0,0,0,0,1,37,1,182,-1,-1,0,20,0,0,0,0,0,0,0,0,BENIGN
10.42.0.42-23.206.125.17-40991-80-6,10.42.0.42,40991,23.206.125.17,80,6,11/08/2017 10:18:59,79875,2,0,0.0,0.0,0.0,0.0,0.0,0.0,0,0,0,0,0.0,25.039123630672925,79875.0,0.0,79875.0,79875.0,79875.0,79875.0,0.0,79875.0,79875.0,0,0,0,0,0,0,0,0,0,64,0,25.039123630672925,0.0,0.0,0.0,0.0,0.0,0.0,0,0,0,0,1,1,0,0,0.0,0.0,0.0,0.0,64,0,0,0,0,0,0,2,0,0,0,1073,-1,0,32,0,0,0,0,0,0,0,0,BENIGN
172.217.12.206-10.42.0.42-443-36341-6,172.217.12.206,443,10.42.0.42,36341,6,11/08/2017 09:46:18,6197,1,1,0.0,0.0,0.0,0.0,0.0,0.0,0.0,0.0,0.0,0.0,0.0,322.73680813296755,6197.0,0.0,6197.0,6197.0,0,0,0,0,0,0,0,0,0,0,0,0,0,0,32,32,161.36840406648378,161.36840406648378,0.0,0.0,0.0,0.0,0.0,0,0,0,0,1,1,0,0,1.0,0.0,0.0,0.0,32,0,0,0,0,0,0,1,0,1,0,180,1637,0,32,0,0,0,0,0,0,0,0,BENIGN
10.42.0.1-10.42.0.42-53-44014-17,10.42.0.42,44014,10.42.0.1,53,17,11/08/2017 10:10:40,135785,1,1,30.0,149.0,30.0,30.0,30.0,0.0,149.0,149.0,149.0,0.0,1318.260485326067,14.729167433810805,135785.0,0.0,135785.0,135785.0,0,0,0,0,0,0,0,0,0,0,0,0,0,0,20,40,7.364583716905402,7.364583716905402,30.0,149.0,69.66666666666666,68.70468203356546,4720.333333333333,0,0,0,0,0,0,0,0,1.0,104.5,30.0,149.0,20,0,0,0,0,0,0,1,30,1,149,-1,-1,0,20,0,0,0,0,0,0,0,0,BENIGN
10.42.0.42-23.206.125.17-40978-80-6,10.42.0.42,40978,23.206.125.17,80,6,11/08/2017 10:18:55,243053,2,0,0.0,0.0,0.0,0.0,0.0,0.0,0,0,0,0,0.0,8.22865794703213,243053.0,0.0,243053.0,243053.0,243053.0,243053.0,0.0,243053.0,243053.0,0,0,0,0,0,0,0,0,0,64,0,8.22865794703213,0.0,0.0,0.0,0.0,0.0,0.0,0,0,0,0,1,1,0,0,0.0,0.0,0.0,0.0,64,0,0,0,0,0,0,2,0,0,0,939,-1,0,32,0,0,0,0,0,0,0,0,BENIGN
10.42.0.1-10.42.0.42-53-33370-17,10.42.0.42,33370,10.42.0.1,53,17,11/08/2017 10:10:45,1287,1,1,37.0,77.0,37.0,37.0,37.0,0.0,77.0,77.0,77.0,0.0,88578.08857808859,1554.001554001554,1287.0,0.0,1287.0,1287.0,0,0,0,0,0,0,0,0,0,0,0,0,0,0,32,32,777.000777000777,777.000777000777,37.0,77.0,50.333333333333336,23.094010767585033,533.3333333333334,0,0,0,0,0,0,0,0,1.0,75.5,37.0,77.0,32,0,0,0,0,0,0,1,37,1,77,-1,-1,0,32,0,0,0,0,0,0,0,0,BENIGN
10.42.0.42-106.11.129.143-52790-443-6,10.42.0.42,52790,106.11.129.143,443,6,11/08/2017 10:10:53,92382087,45,82,1285.0,103986.0,764.0,0.0,28.555555555555532,118.17428491918879,1452.0,0.0,1268.121951219512,458.60578811754135,1139.5174477926657,1.374725383720764,733191.1666666666,8037672.017650959,9.0237401E7,1.0,2144686.0,48742.86363636363,96120.17644729977,263139.0,5.0,9.2130392E7,1137412.2469135802,1.0025093399649704E7,9.0247042E7,3.0,0,0,0,0,944,1660,0.4871074194286172,0.8876179642921468,0.0,1452.0,822.4296874999997,704.1829764404727,495873.6643085632,0,0,0,1,0,0,0,0,1.0,828.9055118110236,28.555555555555557,1268.121951219512,944,0,0,0,0,0,0,45,1285,82,103986,65535,0,7,20,2144686.0,0.0,2144686.0,2144686.0,9.0237401E7,0.0,9.0237401E7,9.0237401E7,BENIGN
10.42.0.1-10.42.0.42-53-1645-17,10.42.0.42,1645,10.42.0.1,53,17,11/08/2017 10:10:31,2923584,1,1,33.0,178.0,33.0,33.0,33.0,0.0,178.0,178.0,178.0,0.0,72.17169063724525,0.6840918543814715,2923584.0,0.0,2923584.0,2923584.0,0,0,0,0,0,0,0,0,0,0,0,0,0,0,32,32,0.34204592719073573,0.34204592719073573,33.0,178.0,81.33333333333334,83.71578903249574,7008.333333333334,0,0,0,0,0,0,0,0,1.0,122.0,33.0,178.0,32,0,0,0,0,0,0,1,33,1,178,-1,-1,0,32,0,0,0,0,0,0,0,0,BENIGN
10.42.0.1-10.42.0.42-53-28418-17,10.42.0.42,28418,10.42.0.1,53,17,11/08/2017 10:10:35,16683721,2,2,62.0,299.0,31.0,31.0,31.0,0.0,225.0,74.0,149.5,106.77312395916867,21.637858844558718,0.23975466863776973,5561240.333333334,9542304.29594793,1.6579719E7,31576.0,1.6611295E7,1.6611295E7,0.0,1.6611295E7,1.6611295E7,1.6652145E7,1.6652145E7,0.0,1.6652145E7,1.6652145E7,0,0,0,0,60,60,0.11987733431888487,0.11987733431888487,31.0,225.0,78.4,84.04046644325578,7062.8,0,0,0,0,0,0,0,0,1.0,98.0,31.0,149.5,60,0,0,0,0,0,0,2,62,2,299,-1,-1,1,20,31576.0,0.0,31576.0,31576.0,1.6579719E7,0.0,1.6579719E7,1.6579719E7,BENIGN
10.42.0.42-123.125.115.164-39549-443-6,10.42.0.42,39549,123.125.115.164,443,6,11/08/2017 10:11:56,40360,2,0,0.0,0.0,0.0,0.0,0.0,0.0,0,0,0,0,0.0,49.554013875123886,40360.0,0.0,40360.0,40360.0,40360.0,40360.0,0.0,40360.0,40360.0,0,0,0,0,0,0,0,0,0,40,0,49.554013875123886,0.0,0.0,0.0,0.0,0.0,0.0,0,0,0,0,1,0,0,0,0.0,0.0,0.0,0.0,40,0,0,0,0,0,0,2,0,0,0,1552,-1,0,20,0,0,0,0,0,0,0,0,BENIGN
172.217.5.228-10.42.0.42-443-49348-6,10.42.0.42,49348,172.217.5.228,443,6,11/08/2017 09:50:06,63016,2,0,0.0,0.0,0.0,0.0,0.0,0.0,0,0,0,0,0.0,31.737971308873934,63016.0,0.0,63016.0,63016.0,63016.0,63016.0,0.0,63016.0,63016.0,0,0,0,0,0,0,0,0,0,64,0,31.737971308873934,0.0,0.0,0.0,0.0,0.0,0.0,0,0,0,0,1,1,0,0,0.0,0.0,0.0,0.0,64,0,0,0,0,0,0,2,0,0,0,206,-1,0,32,0,0,0,0,0,0,0,0,BENIGN
10.42.0.42-115.239.210.141-56321-443-6,10.42.0.42,56321,115.239.210.141,443,6,11/08/2017 10:10:50,11614371,15,17,327.0,7536.0,201.0,0.0,21.800000000000004,59.2503164548511,1460.0,0.0,443.2941176470588,608.4956619304983,677.0060987375037,2.7552073203103293,374657.12903225806,1900549.0934013736,1.0604376E7,8.0,1.1614371E7,829597.9285714285,2815981.796114906,1.0604376E7,50.0,681847.0,42615.4375,96460.99161351443,333804.0,8.0,0,0,0,0,380,360,1.2915034313954667,1.4637038889148624,0.0,1460.0,238.27272727272734,482.4311656033994,232739.82954545456,0,0,0,1,0,0,0,0,1.0,245.71875,21.8,443.29411764705884,380,0,0,0,0,0,0,15,327,17,7536,65535,492,2,20,1009995.0,0.0,1009995.0,1009995.0,1.0604376E7,0.0,1.0604376E7,1.0604376E7,BENIGN
10.42.0.42-36.51.254.232-45507-443-6,36.51.254.232,443,10.42.0.42,45507,6,11/08/2017 10:10:54,148569,2,1,0.0,0.0,0.0,0.0,0.0,0.0,0.0,0.0,0.0,0.0,0.0,20.192637764271147,74284.5,101788.7282585847,146260.0,2309.0,148569.0,148569.0,0.0,148569.0,148569.0,0,0,0,0,0,0,0,0,0,40,20,13.461758509514096,6.730879254757048,0.0,0.0,0.0,0.0,0.0,0,0,0,0,1,1,0,0,0.0,0.0,0.0,0.0,40,0,0,0,0,0,0,2,0,1,0,115,1369,0,20,0,0,0,0,0,0,0,0,BENIGN
10.42.0.1-10.42.0.42-53-6439-17,10.42.0.42,6439,10.42.0.1,53,17,11/08/2017 10:15:26,98889,1,1,37.0,77.0,37.0,37.0,37.0,0.0,77.0,77.0,77.0,0.0,1152.8076934745015,20.224696376745644,98889.0,0.0,98889.0,98889.0,0,0,0,0,0,0,0,0,0,0,0,0,0,0,20,20,10.112348188372822,10.112348188372822,37.0,77.0,50.333333333333336,23.094010767585033,533.3333333333334,0,0,0,0,0,0,0,0,1.0,75.5,37.0,77.0,20,0,0,0,0,0,0,1,37,1,77,-1,-1,0,20,0,0,0,0,0,0,0,0,BENIGN
172.217.3.109-10.42.0.42-443-44433-6,10.42.0.42,44433,172.217.3.109,443,6,11/08/2017 10:09:26,39698,2,1,0.0,0.0,0.0,0.0,0.0,0.0,0.0,0.0,0.0,0.0,0.0,75.57055771071592,19849.0,23748.888352931386,36642.0,3056.0,39698.0,39698.0,0.0,39698.0,39698.0,0,0,0,0,0,0,0,0,0,60,40,50.38037180714394,25.19018590357197,0.0,0.0,0.0,0.0,0.0,0,0,0,1,0,0,0,0,0.0,0.0,0.0,0.0,60,0,0,0,0,0,0,2,0,1,0,65535,42408,0,20,0,0,0,0,0,0,0,0,BENIGN
10.42.0.1-10.42.0.42-53-26695-17,10.42.0.42,26695,10.42.0.1,53,17,11/08/2017 09:45:15,31906,1,1,42.0,102.0,42.0,42.0,42.0,0.0,102.0,102.0,102.0,0.0,4513.257694477528,62.684134645521226,31906.0,0.0,31906.0,31906.0,0,0,0,0,0,0,0,0,0,0,0,0,0,0,32,32,31.342067322760613,31.342067322760613,42.0,102.0,62.0,34.64101615137755,1200.0,0,0,0,0,0,0,0,0,1.0,93.0,42.0,102.0,32,0,0,0,0,0,0,1,42,1,102,-1,-1,0,32,0,0,0,0,0,0,0,0,BENIGN
10.42.0.1-10.42.0.42-53-35719-17,10.42.0.42,35719,10.42.0.1,53,17,11/08/2017 10:10:45,454721,1,1,32.0,104.0,32.0,32.0,32.0,0.0,104.0,104.0,104.0,0.0,299.0844935685838,4.398301376008585,454721.0,0.0,454721.0,454721.0,0,0,0,0,0,0,0,0,0,0,0,0,0,0,44,32,2.1991506880042926,2.1991506880042926,32.0,104.0,56.0,41.569219381653056,1728.0,0,0,0,0,0,0,0,0,1.0,84.0,32.0,104.0,44,0,0,0,0,0,0,1,32,1,104,-1,-1,0,44,0,0,0,0,0,0,0,0,BENIGN
216.58.201.163-10.42.0.42-443-42014-6,216.58.201.163,443,10.42.0.42,42014,6,11/08/2017 10:10:54,2264,1,1,0.0,0.0,0.0,0.0,0.0,0.0,0.0,0.0,0.0,0.0,0.0,883.3922261484099,2264.0,0.0,2264.0,2264.0,0,0,0,0,0,0,0,0,0,0,0,0,0,0,32,32,441.69611307420496,441.69611307420496,0.0,0.0,0.0,0.0,0.0,0,0,0,0,1,1,0,0,1.0,0.0,0.0,0.0,32,0,0,0,0,0,0,1,0,1,0,179,1594,0,32,0,0,0,0,0,0,0,0,BENIGN
221.228.208.94-10.42.0.42-80-53318-6,221.228.208.94,80,10.42.0.42,53318,6,11/08/2017 10:11:02,38797,1,1,0.0,0.0,0.0,0.0,0.0,0.0,0.0,0.0,0.0,0.0,0.0,51.55037760651597,38797.0,0.0,38797.0,38797.0,0,0,0,0,0,0,0,0,0,0,0,0,0,0,20,20,25.775188803257986,25.775188803257986,0.0,0.0,0.0,0.0,0.0,0,0,0,0,1,1,0,0,1.0,0.0,0.0,0.0,20,0,0,0,0,0,0,1,0,1,0,29,1369,0,20,0,0,0,0,0,0,0,0,BENIGN
10.42.0.1-10.42.0.42-53-14152-17,10.42.0.42,14152,10.42.0.1,53,17,11/08/2017 10:10:48,1047836,1,1,34.0,83.0,34.0,34.0,34.0,0.0,83.0,83.0,83.0,0.0,111.65869468122874,1.9086956355765596,1047836.0,0.0,1047836.0,1047836.0,0,0,0,0,0,0,0,0,0,0,0,0,0,0,40,20,0.9543478177882798,0.9543478177882798,34.0,83.0,50.33333333333333,28.29016319029166,800.3333333333333,0,0,0,0,0,0,0,0,1.0,75.5,34.0,83.0,40,0,0,0,0,0,0,1,34,1,83,-1,-1,0,40,0,0,0,0,0,0,0,0,BENIGN
172.217.11.14-10.42.0.42-443-55434-6,172.217.11.14,443,10.42.0.42,55434,6,11/08/2017 09:46:19,3065,1,1,0.0,0.0,0.0,0.0,0.0,0.0,0.0,0.0,0.0,0.0,0.0,652.5285481239804,3065.0,0.0,3065.0,3065.0,0,0,0,0,0,0,0,0,0,0,0,0,0,0,32,32,326.2642740619902,326.2642740619902,0.0,0.0,0.0,0.0,0.0,0,0,0,0,1,1,0,0,1.0,0.0,0.0,0.0,32,0,0,0,0,0,0,1,0,1,0,235,2533,0,32,0,0,0,0,0,0,0,0,BENIGN
208.80.154.224-10.42.0.42-443-34504-6,10.42.0.42,34504,208.80.154.224,443,6,11/08/2017 10:09:26,70198891,7,8,290.0,4995.0,205.0,0.0,41.42857142857143,78.7778673292974,1448.0,0.0,624.3749999999999,704.6922200507112,75.28608963352427,0.21367858930990805,5014206.499999999,1.8717559412225943E7,7.0046405E7,3.0,7.0198891E7,1.1699815166666666E7,2.858388443278816E7,7.0046405E7,4236.0,83899.0,11985.57142857143,20178.347833400887,42975.0,3.0,0,0,0,0,232,264,0.09971667501129042,0.11396191429861761,0.0,1448.0,330.31250000000006,571.456585548427,326562.62916666665,0,0,0,1,0,0,0,0,1.0,352.3333333333333,41.42857142857143,624.375,232,0,0,0,0,0,0,7,290,8,4995,65535,59,2,32,152486.0,0.0,152486.0,152486.0,7.0046405E7,0.0,7.0046405E7,7.0046405E7,BENIGN
10.42.0.1-10.42.0.42-53-22250-17,10.42.0.42,22250,10.42.0.1,53,17,11/08/2017 10:10:43,389727,1,1,32.0,104.0,32.0,32.0,32.0,0.0,104.0,104.0,104.0,0.0,348.9622222735402,5.131797386375592,389727.0,0.0,389727.0,389727.0,0,0,0,0,0,0,0,0,0,0,0,0,0,0,20,20,2.565898693187796,2.565898693187796,32.0,104.0,56.0,41.569219381653056,1728.0,0,0,0,0,0,0,0,0,1.0,84.0,32.0,104.0,20,0,0,0,0,0,0,1,32,1,104,-1,-1,0,20,0,0,0,0,0,0,0,0,BENIGN
10.42.0.1-10.42.0.42-53-40445-17,10.42.0.42,40445,10.42.0.1,53,17,11/08/2017 10:10:45,34758,1,1,38.0,77.0,38.0,38.0,38.0,0.0,77.0,77.0,77.0,0.0,3308.590828010818,57.54071005236205,34758.0,0.0,34758.0,34758.0,0,0,0,0,0,0,0,0,0,0,0,0,0,0,40,20,28.770355026181026,28.770355026181026,38.0,77.0,51.0,22.516660498395403,507.0,0,0,0,0,0,0,0,0,1.0,76.5,38.0,77.0,40,0,0,0,0,0,0,1,38,1,77,-1,-1,0,40,0,0,0,0,0,0,0,0,BENIGN
10.42.0.1-10.42.0.42-53-4958-17,10.42.0.42,4958,10.42.0.1,53,17,11/08/2017 10:09:26,24740,1,1,35.0,51.0,35.0,35.0,35.0,0.0,51.0,51.0,51.0,0.0,3476.151980598221,80.84074373484235,24740.0,0.0,24740.0,24740.0,0,0,0,0,0,0,0,0,0,0,0,0,0,0,32,32,40.420371867421174,40.420371867421174,35.0,51.0,40.333333333333336,9.237604307034012,85.33333333333333,0,0,0,0,0,0,0,0,1.0,60.5,35.0,51.0,32,0,0,0,0,0,0,1,35,1,51,-1,-1,0,32,0,0,0,0,0,0,0,0,BENIGN
10.42.0.42-65.55.223.45-46360-40024-17,10.42.0.42,46360,65.55.223.45,40024,17,11/08/2017 10:08:49,47517,2,2,88.0,467.0,49.0,39.0,44.0,7.0710678118654755,446.0,21.0,233.5,300.5203820042827,11680.030304943495,84.18039859418735,15839.0,25611.417356327627,45412.0,901.0,901.0,901.0,0.0,901.0,901.0,1204.0,1204.0,0.0,1204.0,1204.0,0,0,0,0,64,64,42.090199297093676,42.090199297093676,21.0,446.0,120.8,182.15158522505368,33179.2,0,0,0,0,0,0,0,0,1.0,151.0,44.0,233.5,64,0,0,0,0,0,0,2,88,2,467,-1,-1,1,32,0,0,0,0,0,0,0,0,BENIGN
10.42.0.42-23.206.125.17-40969-80-6,10.42.0.42,40969,23.206.125.17,80,6,11/08/2017 10:18:55,50181,2,0,0.0,0.0,0.0,0.0,0.0,0.0,0,0,0,0,0.0,39.85572228532711,50181.0,0.0,50181.0,50181.0,50181.0,50181.0,0.0,50181.0,50181.0,0,0,0,0,0,0,0,0,0,64,0,39.85572228532711,0.0,0.0,0.0,0.0,0.0,0.0,0,0,0,0,1,1,0,0,0.0,0.0,0.0,0.0,64,0,0,0,0,0,0,2,0,0,0,939,-1,0,32,0,0,0,0,0,0,0,0,BENIGN
10.42.0.1-10.42.0.42-53-1348-17,10.42.0.42,1348,10.42.0.1,53,17,11/08/2017 10:10:39,31034,1,1,37.0,53.0,37.0,37.0,37.0,0.0,53.0,53.0,53.0,0.0,2900.0451118128503,64.44544692917445,31034.0,0.0,31034.0,31034.0,0,0,0,0,0,0,0,0,0,0,0,0,0,0,32,20,32.222723464587226,32.222723464587226,37.0,53.0,42.333333333333336,9.237604307034012,85.33333333333333,0,0,0,0,0,0,0,0,1.0,63.5,37.0,53.0,32,0,0,0,0,0,0,1,37,1,53,-1,-1,0,32,0,0,0,0,0,0,0,0,BENIGN
10.42.0.1-10.42.0.42-53-49370-17,10.42.0.42,49370,10.42.0.1,53,17,11/08/2017 10:10:53,32036,1,1,35.0,139.0,35.0,35.0,35.0,0.0,139.0,139.0,139.0,0.0,5431.389686602572,62.42976651267324,32036.0,0.0,32036.0,32036.0,0,0,0,0,0,0,0,0,0,0,0,0,0,0,20,20,31.21488325633662,31.21488325633662,35.0,139.0,69.66666666666666,60.04442799572108,3605.333333333333,0,0,0,0,0,0,0,0,1.0,104.5,35.0,139.0,20,0,0,0,0,0,0,1,35,1,139,-1,-1,0,20,0,0,0,0,0,0,0,0,BENIGN
10.42.0.1-10.42.0.42-53-16146-17,10.42.0.42,16146,10.42.0.1,53,17,11/08/2017 10:08:49,1224,1,1,36.0,152.0,36.0,36.0,36.0,0.0,152.0,152.0,152.0,0.0,153594.77124183005,1633.986928104575,1224.0,0.0,1224.0,1224.0,0,0,0,0,0,0,0,0,0,0,0,0,0,0,32,32,816.9934640522875,816.9934640522875,36.0,152.0,74.66666666666666,66.97263122599658,4485.333333333333,0,0,0,0,0,0,0,0,1.0,112.0,36.0,152.0,32,0,0,0,0,0,0,1,36,1,152,-1,-1,0,32,0,0,0,0,0,0,0,0,BENIGN
172.217.9.234-10.42.0.42-443-58584-6,10.42.0.42,58584,172.217.9.234,443,6,11/08/2017 10:09:26,39007,2,1,0.0,0.0,0.0,0.0,0.0,0.0,0.0,0.0,0.0,0.0,0.0,76.90927269464456,19503.5,24565.596685201846,36874.0,2133.0,39007.0,39007.0,0.0,39007.0,39007.0,0,0,0,0,0,0,0,0,0,60,40,51.272848463096366,25.636424231548183,0.0,0.0,0.0,0.0,0.0,0,0,0,1,0,0,0,0,0.0,0.0,0.0,0.0,60,0,0,0,0,0,0,2,0,1,0,65535,42408,0,20,0,0,0,0,0,0,0,0,BENIGN
10.42.0.1-10.42.0.42-53-65059-17,10.42.0.42,65059,10.42.0.1,53,17,11/08/2017 10:10:36,31163,1,1,29.0,61.0,29.0,29.0,29.0,0.0,61.0,61.0,61.0,0.0,2888.040304206912,64.17867342682027,31163.0,0.0,31163.0,31163.0,0,0,0,0,0,0,0,0,0,0,0,0,0,0,20,20,32.089336713410134,32.089336713410134,29.0,61.0,39.666666666666664,18.475208614068023,341.3333333333333,0,0,0,0,0,0,0,0,1.0,59.5,29.0,61.0,20,0,0,0,0,0,0,1,29,1,61,-1,-1,0,20,0,0,0,0,0,0,0,0,BENIGN
172.217.6.200-10.42.0.42-443-54274-6,10.42.0.42,54274,172.217.6.200,443,6,11/08/2017 10:16:30,201138,2,0,0.0,0.0,0.0,0.0,0.0,0.0,0,0,0,0,0.0,9.943421929222723,201138.0,0.0,201138.0,201138.0,201138.0,201138.0,0.0,201138.0,201138.0,0,0,0,0,0,0,0,0,0,64,0,9.943421929222723,0.0,0.0,0.0,0.0,0.0,0.0,0,0,0,0,1,1,0,0,0.0,0.0,0.0,0.0,64,0,0,0,0,0,0,2,0,0,0,185,-1,0,32,0,0,0,0,0,0,0,0,BENIGN
10.42.0.255-10.42.0.1-8612-8612-17,10.42.0.1,8612,10.42.0.255,8612,17,11/08/2017 10:07:31,93678253,14,0,224.0,0.0,16.0,16.0,16.0,0.0,0,0,0,0,2.3911632937902887,0.14944770586189304,7206019.461538461,9965412.77328027,2.8704337E7,10152.0,9.3678253E7,7206019.461538461,9965412.77328027,2.8704337E7,10152.0,0,0,0,0,0,0,0,0,0,448,0,0.14944770586189304,0.0,16.0,16.0,16.0,0.0,0.0,0,0,0,0,0,0,0,0,0.0,17.142857142857142,16.0,0.0,448,0,0,0,0,0,0,14,224,0,0,-1,-1,13,32,1010009.2,2235724.0702590514,5009394.0,10152.0,1.77236022E7,8234692.458547357,2.8704337E7,6832299.0,BENIGN
10.42.0.1-10.42.0.42-53-37515-17,10.42.0.42,37515,10.42.0.1,53,17,11/08/2017 10:10:42,326675,1,1,34.0,106.0,34.0,34.0,34.0,0.0,106.0,106.0,106.0,0.0,428.5604959057167,6.1222927986530955,326675.0,0.0,326675.0,326675.0,0,0,0,0,0,0,0,0,0,0,0,0,0,0,20,20,3.0611463993265478,3.0611463993265478,34.0,106.0,58.0,41.569219381653056,1728.0,0,0,0,0,0,0,0,0,1.0,87.0,34.0,106.0,20,0,0,0,0,0,0,1,34,1,106,-1,-1,0,20,0,0,0,0,0,0,0,0,BENIGN
198.58.110.84-10.42.0.42-123-41123-17,10.42.0.42,41123,198.58.110.84,123,17,11/08/2017 10:08:54,62972,1,1,48.0,48.0,48.0,48.0,48.0,0.0,48.0,48.0,48.0,0.0,1524.4870736200216,31.760147367083782,62972.0,0.0,62972.0,62972.0,0,0,0,0,0,0,0,0,0,0,0,0,0,0,32,32,15.880073683541891,15.880073683541891,48.0,48.0,48.0,0.0,0.0,0,0,0,0,0,0,0,0,1.0,72.0,48.0,48.0,32,0,0,0,0,0,0,1,48,1,48,-1,-1,0,32,0,0,0,0,0,0,0,0,BENIGN
10.42.0.42-23.9.110.190-40073-80-6,10.42.0.42,40073,23.9.110.190,80,6,11/08/2017 10:19:14,85223,2,0,0.0,0.0,0.0,0.0,0.0,0.0,0,0,0,0,0.0,23.46784318787182,85223.0,0.0,85223.0,85223.0,85223.0,85223.0,0.0,85223.0,85223.0,0,0,0,0,0,0,0,0,0,64,0,23.46784318787182,0.0,0.0,0.0,0.0,0.0,0.0,0,0,0,0,1,1,0,0,0.0,0.0,0.0,0.0,64,0,0,0,0,0,0,2,0,0,0,1042,-1,0,32,0,0,0,0,0,0,0,0,BENIGN
10.42.0.42-14.29.93.243-34825-80-6,14.29.93.243,80,10.42.0.42,34825,6,11/08/2017 10:10:53,2316,1,1,0.0,0.0,0.0,0.0,0.0,0.0,0.0,0.0,0.0,0.0,0.0,863.5578583765113,2316.0,0.0,2316.0,2316.0,0,0,0,0,0,0,0,0,0,0,0,0,0,0,20,20,431.77892918825563,431.77892918825563,0.0,0.0,0.0,0.0,0.0,0,0,0,0,1,1,0,0,1.0,0.0,0.0,0.0,20,0,0,0,0,0,0,1,0,1,0,8190,65535,0,20,0,0,0,0,0,0,0,0,BENIGN
10.42.0.42-64.71.142.96-56362-80-6,10.42.0.42,56362,64.71.142.96,80,6,11/08/2017 10:12:50,42385,2,0,0.0,0.0,0.0,0.0,0.0,0.0,0,0,0,0,0.0,47.186504659667335,42385.0,0.0,42385.0,42385.0,42385.0,42385.0,0.0,42385.0,42385.0,0,0,0,0,0,0,0,0,0,40,0,47.186504659667335,0.0,0.0,0.0,0.0,0.0,0.0,0,0,0,0,1,1,0,0,0.0,0.0,0.0,0.0,40,0,0,0,0,0,0,2,0,0,0,31,-1,0,20,0,0,0,0,0,0,0,0,BENIGN
10.42.0.42-66.231.239.96-59263-80-6,10.42.0.42,59263,66.231.239.96,80,6,11/08/2017 10:12:54,41369,2,0,0.0,0.0,0.0,0.0,0.0,0.0,0,0,0,0,0.0,48.34537939036476,41369.0,0.0,41369.0,41369.0,41369.0,41369.0,0.0,41369.0,41369.0,0,0,0,0,0,0,0,0,0,40,0,48.34537939036476,0.0,0.0,0.0,0.0,0.0,0.0,0,0,0,0,1,1,0,0,0.0,0.0,0.0,0.0,40,0,0,0,0,0,0,2,0,0,0,33,-1,0,20,0,0,0,0,0,0,0,0,BENIGN
10.42.0.1-10.42.0.42-53-6632-17,10.42.0.42,6632,10.42.0.1,53,17,11/08/2017 10:10:45,31023,1,1,39.0,103.0,39.0,39.0,39.0,0.0,103.0,103.0,103.0,0.0,4577.249137736519,64.46829771459885,31023.0,0.0,31023.0,31023.0,0,0,0,0,0,0,0,0,0,0,0,0,0,0,20,20,32.234148857299424,32.234148857299424,39.0,103.0,60.33333333333333,36.95041722813605,1365.3333333333333,0,0,0,0,0,0,0,0,1.0,90.5,39.0,103.0,20,0,0,0,0,0,0,1,39,1,103,-1,-1,0,20,0,0,0,0,0,0,0,0,BENIGN
172.217.6.202-10.42.0.42-443-57194-6,172.217.6.202,443,10.42.0.42,57194,6,11/08/2017 09:45:08,1892,1,1,0.0,0.0,0.0,0.0,0.0,0.0,0.0,0.0,0.0,0.0,0.0,1057.0824524312895,1892.0,0.0,1892.0,1892.0,0,0,0,0,0,0,0,0,0,0,0,0,0,0,32,32,528.5412262156448,528.5412262156448,0.0,0.0,0.0,0.0,0.0,0,0,0,0,1,0,0,0,1.0,0.0,0.0,0.0,32,0,0,0,0,0,0,1,0,1,0,181,1420,0,32,0,0,0,0,0,0,0,0,BENIGN
157.55.235.173-10.42.0.42-40024-46360-17,10.42.0.42,46360,157.55.235.173,40024,17,11/08/2017 10:08:49,315971,2,2,88.0,467.0,49.0,39.0,44.0,7.0710678118654755,446.0,21.0,233.5,300.5203820042827,1756.4903108196638,12.659389627529109,105323.66666666667,13253.43858526282,120626.0,97492.0,218479.0,218479.0,0.0,218479.0,218479.0,218118.0,218118.0,0.0,218118.0,218118.0,0,0,0,0,64,64,6.329694813764554,6.329694813764554,21.0,446.0,118.8,183.18897346729142,33558.2,0,0,0,0,0,0,0,0,1.0,148.5,44.0,233.5,64,0,0,0,0,0,0,2,88,2,467,-1,-1,1,32,0,0,0,0,0,0,0,0,BENIGN
10.42.0.1-10.42.0.42-53-11847-17,10.42.0.42,11847,10.42.0.1,53,17,11/08/2017 10:10:49,153304,1,1,34.0,145.0,34.0,34.0,34.0,0.0,145.0,145.0,145.0,0.0,1167.6146741115692,13.045974012419768,153304.0,0.0,153304.0,153304.0,0,0,0,0,0,0,0,0,0,0,0,0,0,0,32,32,6.522987006209884,6.522987006209884,34.0,145.0,71.0,64.08587988004847,4107.0,0,0,0,0,0,0,0,0,1.0,106.5,34.0,145.0,32,0,0,0,0,0,0,1,34,1,145,-1,-1,0,32,0,0,0,0,0,0,0,0,BENIGN
157.55.130.155-10.42.0.42-40008-46360-17,10.42.0.42,46360,157.55.130.155,40008,17,11/08/2017 10:08:49,46674,2,2,61.0,544.0,39.0,22.0,30.5,12.020815280171307,446.0,98.0,272.0,246.07315985291854,12962.24878947594,85.70081844281613,15558.0,26236.249255562427,45853.0,388.0,433.0,433.0,0.0,433.0,433.0,388.0,388.0,0.0,388.0,388.0,0,0,0,0,64,64,42.850409221408064,42.850409221408064,22.0,446.0,128.8,179.6516072847666,32274.700000000004,0,0,0,0,0,0,0,0,1.0,161.0,30.5,272.0,64,0,0,0,0,0,0,2,61,2,544,-1,-1,1,32,0,0,0,0,0,0,0,0,BENIGN
208.80.154.224-10.42.0.42-443-34503-6,10.42.0.42,34503,208.80.154.224,443,6,11/08/2017 10:09:26,70198735,9,8,290.0,4996.0,205.0,0.0,32.222222222222214,70.62715090136685,1448.0,0.0,624.4999999999999,704.6766228967318,75.3005022099045,0.24216960604774432,4387420.9375,1.7509007403208077E7,7.0046177E7,7.0,7.0198735E7,8774841.875,2.4757371623373516E7,7.0046177E7,7.0,79598.0,11371.142857142857,18977.048114574012,39188.0,11.0,0,0,0,0,296,264,0.12820743849586463,0.11396216755187967,0.0,1448.0,293.66666666666674,547.341919160764,299583.17647058825,0,0,0,1,0,0,0,0,0.0,310.94117647058823,32.22222222222222,624.5,296,0,0,0,0,0,0,9,290,8,4996,65535,59,2,32,152558.0,0.0,152558.0,152558.0,7.0046177E7,0.0,7.0046177E7,7.0046177E7,BENIGN
10.42.0.1-10.42.0.42-53-61657-17,10.42.0.42,61657,10.42.0.1,53,17,11/08/2017 10:10:48,1625903,1,1,37.0,77.0,37.0,37.0,37.0,0.0,77.0,77.0,77.0,0.0,70.11488385223473,1.2300856816181531,1625903.0,0.0,1625903.0,1625903.0,0,0,0,0,0,0,0,0,0,0,0,0,0,0,40,40,0.6150428408090766,0.6150428408090766,37.0,77.0,50.333333333333336,23.094010767585033,533.3333333333334,0,0,0,0,0,0,0,0,1.0,75.5,37.0,77.0,40,0,0,0,0,0,0,1,37,1,77,-1,-1,0,40,0,0,0,0,0,0,0,0,BENIGN
10.42.0.42-23.206.125.17-40953-80-6,10.42.0.42,40953,23.206.125.17,80,6,11/08/2017 10:18:55,136423,2,0,0.0,0.0,0.0,0.0,0.0,0.0,0,0,0,0,0.0,14.660284556123235,136423.0,0.0,136423.0,136423.0,136423.0,136423.0,0.0,136423.0,136423.0,0,0,0,0,0,0,0,0,0,64,0,14.660284556123235,0.0,0.0,0.0,0.0,0.0,0.0,0,0,0,0,1,1,0,0,0.0,0.0,0.0,0.0,64,0,0,0,0,0,0,2,0,0,0,939,-1,0,32,0,0,0,0,0,0,0,0,BENIGN
157.56.52.45-10.42.0.42-40024-46360-17,10.42.0.42,46360,157.56.52.45,40024,17,11/08/2017 10:08:49,303791,3,3,132.0,910.0,49.0,39.0,44.0,5.0,446.0,21.0,303.3333333333333,244.51244003799343,3429.9896968639628,19.750420519370227,60758.2,58438.461382038455,133908.0,707.0,219208.0,109604.0,154003.61430174293,218501.0,707.0,219231.0,109615.5,153973.2087101519,218491.0,740.0,0,0,0,0,96,96,9.875210259685113,9.875210259685113,21.0,446.0,155.85714285714286,197.41025688603295,38970.80952380952,0,0,0,0,0,0,0,0,1.0,181.83333333333334,44.0,303.3333333333333,96,0,0,0,0,0,0,3,132,3,910,-1,-1,2,32,0,0,0,0,0,0,0,0,BENIGN
10.42.0.1-10.42.0.42-53-60366-17,10.42.0.42,60366,10.42.0.1,53,17,11/08/2017 10:08:27,1365,1,1,32.0,48.0,32.0,32.0,32.0,0.0,48.0,48.0,48.0,0.0,58608.058608058614,1465.2014652014652,1365.0,0.0,1365.0,1365.0,0,0,0,0,0,0,0,0,0,0,0,0,0,0,32,32,732.6007326007326,732.6007326007326,32.0,48.0,37.333333333333336,9.237604307034012,85.33333333333333,0,0,0,0,0,0,0,0,1.0,56.0,32.0,48.0,32,0,0,0,0,0,0,1,32,1,48,-1,-1,0,32,0,0,0,0,0,0,0,0,BENIGN
10.42.0.42-41.102.69.238-46360-30525-17,10.42.0.42,46360,41.102.69.238,30525,17,11/08/2017 10:08:49,175838,1,1,18.0,26.0,18.0,18.0,18.0,0.0,26.0,26.0,26.0,0.0,250.2303256406465,11.374105710938478,175838.0,0.0,175838.0,175838.0,0,0,0,0,0,0,0,0,0,0,0,0,0,0,32,32,5.687052855469239,5.687052855469239,18.0,26.0,20.666666666666668,4.618802153517006,21.333333333333332,0,0,0,0,0,0,0,0,1.0,31.0,18.0,26.0,32,0,0,0,0,0,0,1,18,1,26,-1,-1,0,32,0,0,0,0,0,0,0,0,BENIGN
172.217.10.46-10.42.0.42-443-55123-6,172.217.10.46,443,10.42.0.42,55123,6,11/08/2017 09:48:20,40225,1,1,0.0,0.0,0.0,0.0,0.0,0.0,0.0,0.0,0.0,0.0,0.0,49.720323182100685,40225.0,0.0,40225.0,40225.0,0,0,0,0,0,0,0,0,0,0,0,0,0,0,32,32,24.860161591050343,24.860161591050343,0.0,0.0,0.0,0.0,0.0,0,0,0,0,1,1,0,0,1.0,0.0,0.0,0.0,32,0,0,0,0,0,0,1,0,1,0,187,1949,0,32,0,0,0,0,0,0,0,0,BENIGN
10.42.0.1-10.42.0.42-53-13177-17,10.42.0.42,13177,10.42.0.1,53,17,11/08/2017 10:08:24,1051,1,1,47.0,63.0,47.0,47.0,47.0,0.0,63.0,63.0,63.0,0.0,104662.22645099903,1902.9495718363462,1051.0,0.0,1051.0,1051.0,0,0,0,0,0,0,0,0,0,0,0,0,0,0,32,32,951.4747859181731,951.4747859181731,47.0,63.0,52.333333333333336,9.237604307034012,85.33333333333333,0,0,0,0,0,0,0,0,1.0,78.5,47.0,63.0,32,0,0,0,0,0,0,1,47,1,63,-1,-1,0,32,0,0,0,0,0,0,0,0,BENIGN
10.42.0.1-10.42.0.42-53-20257-17,10.42.0.42,20257,10.42.0.1,53,17,11/08/2017 10:09:05,868,1,1,48.0,232.0,48.0,48.0,48.0,0.0,232.0,232.0,232.0,0.0,322580.64516129036,2304.147465437788,868.0,0.0,868.0,868.0,0,0,0,0,0,0,0,0,0,0,0,0,0,0,32,32,1152.073732718894,1152.073732718894,48.0,232.0,109.33333333333334,106.23244953089115,11285.333333333334,0,0,0,0,0,0,0,0,1.0,164.0,48.0,232.0,32,0,0,0,0,0,0,1,48,1,232,-1,-1,0,32,0,0,0,0,0,0,0,0,BENIGN
10.42.0.1-10.42.0.42-53-44757-17,10.42.0.42,44757,10.42.0.1,53,17,11/08/2017 10:10:47,632859,1,1,37.0,182.0,37.0,37.0,37.0,0.0,182.0,182.0,182.0,0.0,346.0486459069082,3.1602616064557827,632859.0,0.0,632859.0,632859.0,0,0,0,0,0,0,0,0,0,0,0,0,0,0,20,20,1.5801308032278913,1.5801308032278913,37.0,182.0,85.33333333333334,83.71578903249574,7008.333333333334,0,0,0,0,0,0,0,0,1.0,128.0,37.0,182.0,20,0,0,0,0,0,0,1,37,1,182,-1,-1,0,20,0,0,0,0,0,0,0,0,BENIGN
140.205.250.8-10.42.0.42-443-35898-6,10.42.0.42,35898,140.205.250.8,443,6,11/08/2017 10:10:40,100682483,33,28,3256.0,9732.0,290.0,0.0,98.66666666666666,110.53044452397117,1452.0,0.0,347.57142857142856,412.5072774730816,128.99959966223716,0.605865073867914,1678041.3833333333,1.1647680754794795E7,9.0236993E7,13.0,1.044549E7,326421.5625,948101.6204767851,5101685.0,13.0,1.00425563E8,3719465.296296296,1.7325765659204263E7,9.0239028E7,15.0,0,0,0,0,680,580,0.32776307274821576,0.27810200111969824,0.0,1452.0,209.48387096774198,312.7973073306331,97842.15547329454,0,0,0,1,0,0,0,0,0.0,212.91803278688525,98.66666666666667,347.57142857142856,680,0,0,0,0,0,0,33,3256,28,9732,65535,0,19,20,2671902.5,377109.2387949412,2938559.0,2405246.0,4.7669339E7,6.019975360520533E7,9.0236993E7,5101685.0,BENIGN
157.240.14.10-10.42.0.42-443-37107-6,10.42.0.42,37107,157.240.14.10,443,6,11/08/2017 10:23:33,190255,2,2,31.0,31.0,31.0,0.0,15.5,21.920310216782973,31.0,0.0,15.5,21.920310216782973,325.87842632256707,21.02441460145594,63418.33333333333,57864.266834838,122592.0,6959.0,190255.0,190255.0,0.0,190255.0,190255.0,122592.0,122592.0,0.0,122592.0,122592.0,1,0,0,0,64,64,10.51220730072797,10.51220730072797,0.0,31.0,18.6,16.97939928266015,288.30000000000007,0,1,0,0,1,0,0,0,1.0,23.25,15.5,15.5,64,0,0,0,0,0,0,2,31,2,31,1386,122,0,32,0,0,0,0,0,0,0,0,BENIGN
10.42.0.42-31.13.69.229-47034-443-6,31.13.69.229,443,10.42.0.42,47034,6,11/08/2017 10:09:45,24712,2,1,42.0,0.0,42.0,0.0,21.0,29.698484809834994,0.0,0.0,0.0,0.0,1699.5791518290707,121.39851084493363,12356.0,10103.14168959339,19500.0,5212.0,24712.0,24712.0,0.0,24712.0,24712.0,0,0,0,0,0,1,0,0,0,52,44,80.93234056328909,40.466170281644544,0.0,42.0,21.0,24.24871130596428,588.0,0,1,0,0,1,1,0,0,0.0,28.0,21.0,0.0,52,0,0,0,0,0,0,2,42,1,0,123,1403,0,20,0,0,0,0,0,0,0,0,BENIGN
10.42.0.1-10.42.0.42-53-31127-17,10.42.0.42,31127,10.42.0.1,53,17,11/08/2017 10:10:41,61855,1,1,31.0,85.0,31.0,31.0,31.0,0.0,85.0,85.0,85.0,0.0,1875.3536496645381,32.33368361490583,61855.0,0.0,61855.0,61855.0,0,0,0,0,0,0,0,0,0,0,0,0,0,0,20,20,16.166841807452915,16.166841807452915,31.0,85.0,49.0,31.176914536239792,972.0,0,0,0,0,0,0,0,0,1.0,73.5,31.0,85.0,20,0,0,0,0,0,0,1,31,1,85,-1,-1,0,20,0,0,0,0,0,0,0,0,BENIGN
10.42.0.42-23.206.125.17-41048-80-6,10.42.0.42,41048,23.206.125.17,80,6,11/08/2017 10:19:00,35021,2,0,0.0,0.0,0.0,0.0,0.0,0.0,0,0,0,0,0.0,57.108591987664546,35021.0,0.0,35021.0,35021.0,35021.0,35021.0,0.0,35021.0,35021.0,0,0,0,0,0,0,0,0,0,64,0,57.108591987664546,0.0,0.0,0.0,0.0,0.0,0.0,0,0,0,0,1,1,0,0,0.0,0.0,0.0,0.0,64,0,0,0,0,0,0,2,0,0,0,944,-1,0,32,0,0,0,0,0,0,0,0,BENIGN
219.142.78.162-10.42.0.42-80-52957-6,10.42.0.42,52957,219.142.78.162,80,6,11/08/2017 10:10:46,254416,1,1,0.0,0.0,0.0,0.0,0.0,0.0,0.0,0.0,0.0,0.0,0.0,7.861140808754167,254416.0,0.0,254416.0,254416.0,0,0,0,0,0,0,0,0,0,0,0,0,0,0,20,20,3.9305704043770837,3.9305704043770837,0.0,0.0,0.0,0.0,0.0,0,0,0,0,1,1,0,0,1.0,0.0,0.0,0.0,20,0,0,0,0,0,0,1,0,1,0,1386,126,0,20,0,0,0,0,0,0,0,0,BENIGN
10.42.0.1-10.42.0.42-53-22925-17,10.42.0.42,22925,10.42.0.1,53,17,11/08/2017 10:10:45,31156,1,1,35.0,51.0,35.0,35.0,35.0,0.0,51.0,51.0,51.0,0.0,2760.3029913981254,64.19309282321223,31156.0,0.0,31156.0,31156.0,0,0,0,0,0,0,0,0,0,0,0,0,0,0,20,32,32.09654641160611,32.09654641160611,35.0,51.0,40.333333333333336,9.237604307034012,85.33333333333333,0,0,0,0,0,0,0,0,1.0,60.5,35.0,51.0,20,0,0,0,0,0,0,1,35,1,51,-1,-1,0,20,0,0,0,0,0,0,0,0,BENIGN
10.42.0.1-10.42.0.42-53-44076-17,10.42.0.42,44076,10.42.0.1,53,17,11/08/2017 10:10:40,31527,1,1,32.0,217.0,32.0,32.0,32.0,0.0,217.0,217.0,217.0,0.0,7897.992197164335,63.43768833063723,31527.0,0.0,31527.0,31527.0,0,0,0,0,0,0,0,0,0,0,0,0,0,0,20,20,31.718844165318615,31.718844165318615,32.0,217.0,93.66666666666666,106.80979980008077,11408.333333333332,0,0,0,0,0,0,0,0,1.0,140.5,32.0,217.0,20,0,0,0,0,0,0,1,32,1,217,-1,-1,0,20,0,0,0,0,0,0,0,0,BENIGN
10.42.0.42-123.125.29.138-52583-443-6,123.125.29.138,443,10.42.0.42,52583,6,11/08/2017 10:11:04,70957,1,1,0.0,0.0,0.0,0.0,0.0,0.0,0.0,0.0,0.0,0.0,0.0,28.186084530067504,70957.0,0.0,70957.0,70957.0,0,0,0,0,0,0,0,0,0,0,0,0,0,0,20,20,14.093042265033752,14.093042265033752,0.0,0.0,0.0,0.0,0.0,0,0,0,0,1,1,0,0,1.0,0.0,0.0,0.0,20,0,0,0,0,0,0,1,0,1,0,131,1506,0,20,0,0,0,0,0,0,0,0,BENIGN
10.42.0.1-10.42.0.42-53-47554-17,10.42.0.42,47554,10.42.0.1,53,17,11/08/2017 10:10:38,31375,1,1,29.0,45.0,29.0,29.0,29.0,0.0,45.0,45.0,45.0,0.0,2358.565737051793,63.745019920318725,31375.0,0.0,31375.0,31375.0,0,0,0,0,0,0,0,0,0,0,0,0,0,0,32,32,31.872509960159363,31.872509960159363,29.0,45.0,34.333333333333336,9.237604307034012,85.33333333333333,0,0,0,0,0,0,0,0,1.0,51.5,29.0,45.0,32,0,0,0,0,0,0,1,29,1,45,-1,-1,0,32,0,0,0,0,0,0,0,0,BENIGN
10.42.0.42-66.231.239.96-59257-80-6,10.42.0.42,59257,66.231.239.96,80,6,11/08/2017 10:12:54,47999,2,0,0.0,0.0,0.0,0.0,0.0,0.0,0,0,0,0,0.0,41.66753474030709,47999.0,0.0,47999.0,47999.0,47999.0,47999.0,0.0,47999.0,47999.0,0,0,0,0,0,0,0,0,0,40,0,41.66753474030709,0.0,0.0,0.0,0.0,0.0,0.0,0,0,0,0,1,1,0,0,0.0,0.0,0.0,0.0,40,0,0,0,0,0,0,2,0,0,0,36,-1,0,20,0,0,0,0,0,0,0,0,BENIGN
174.35.73.84-10.42.0.42-80-59275-6,174.35.73.84,80,10.42.0.42,59275,6,11/08/2017 10:11:08,43969,1,1,0.0,0.0,0.0,0.0,0.0,0.0,0.0,0.0,0.0,0.0,0.0,45.48659282676431,43969.0,0.0,43969.0,43969.0,0,0,0,0,0,0,0,0,0,0,0,0,0,0,32,44,22.743296413382154,22.743296413382154,0.0,0.0,0.0,0.0,0.0,0,0,0,0,1,1,0,0,1.0,0.0,0.0,0.0,32,0,0,0,0,0,0,1,0,1,0,674,1567,0,32,0,0,0,0,0,0,0,0,BENIGN
157.55.130.167-10.42.0.42-40019-46360-17,10.42.0.42,46360,157.55.130.167,40019,17,11/08/2017 10:08:49,46391,1,1,145.0,21.0,145.0,145.0,145.0,0.0,21.0,21.0,21.0,0.0,3578.2802698799333,43.111810480481125,46391.0,0.0,46391.0,46391.0,0,0,0,0,0,0,0,0,0,0,0,0,0,0,32,32,21.555905240240563,21.555905240240563,21.0,145.0,103.66666666666666,71.5914333795136,5125.333333333334,0,0,0,0,0,0,0,0,1.0,155.5,145.0,21.0,32,0,0,0,0,0,0,1,145,1,21,-1,-1,0,32,0,0,0,0,0,0,0,0,BENIGN
10.42.0.42-66.231.239.96-59262-80-6,10.42.0.42,59262,66.231.239.96,80,6,11/08/2017 10:12:54,36001,2,0,0.0,0.0,0.0,0.0,0.0,0.0,0,0,0,0,0.0,55.55401238854476,36001.0,0.0,36001.0,36001.0,36001.0,36001.0,0.0,36001.0,36001.0,0,0,0,0,0,0,0,0,0,40,0,55.55401238854476,0.0,0.0,0.0,0.0,0.0,0.0,0,0,0,0,1,1,0,0,0.0,0.0,0.0,0.0,40,0,0,0,0,0,0,2,0,0,0,33,-1,0,20,0,0,0,0,0,0,0,0,BENIGN
239.255.255.250-10.42.0.42-1900-41372-17,10.42.0.42,41372,239.255.255.250,1900,17,11/08/2017 10:09:21,8081,4,0,530.0,0.0,133.0,132.0,132.5,0.577350269189623,0,0,0,0,65585.94233386958,494.98824402920434,2693.666666666667,4633.544251794012,8044.0,5.0,8081.0,2693.666666666667,4633.544251794012,8044.0,5.0,0,0,0,0,0,0,0,0,0,128,0,494.98824402920434,0.0,132.0,133.0,132.6,0.5477225575051661,0.3,0,0,0,0,0,0,0,0,0.0,165.75,132.5,0.0,128,0,0,0,0,0,0,4,530,0,0,-1,-1,3,32,0,0,0,0,0,0,0,0,BENIGN
10.42.0.1-10.42.0.42-53-28163-17,10.42.0.42,28163,10.42.0.1,53,17,11/08/2017 10:10:38,1072871,1,1,36.0,80.0,36.0,36.0,36.0,0.0,80.0,80.0,80.0,0.0,108.12110682458562,1.8641570142169936,1072871.0,0.0,1072871.0,1072871.0,0,0,0,0,0,0,0,0,0,0,0,0,0,0,32,32,0.9320785071084968,0.9320785071084968,36.0,80.0,50.666666666666664,25.40341184434353,645.3333333333333,0,0,0,0,0,0,0,0,1.0,76.0,36.0,80.0,32,0,0,0,0,0,0,1,36,1,80,-1,-1,0,32,0,0,0,0,0,0,0,0,BENIGN
172.217.10.106-10.42.0.42-443-56478-6,10.42.0.42,56478,172.217.10.106,443,6,11/08/2017 10:14:49,200323,2,0,0.0,0.0,0.0,0.0,0.0,0.0,0,0,0,0,0.0,9.983876040195085,200323.0,0.0,200323.0,200323.0,200323.0,200323.0,0.0,200323.0,200323.0,0,0,0,0,0,0,0,0,0,64,0,9.983876040195085,0.0,0.0,0.0,0.0,0.0,0.0,0,0,0,0,1,1,0,0,0.0,0.0,0.0,0.0,64,0,0,0,0,0,0,2,0,0,0,175,-1,0,32,0,0,0,0,0,0,0,0,BENIGN
172.217.10.46-10.42.0.42-443-46296-6,10.42.0.42,46296,172.217.10.46,443,6,11/08/2017 09:45:45,465,3,0,31.0,0.0,31.0,0.0,10.333333333333332,17.8978583448784,0,0,0,0,66666.66666666666,6451.612903225806,232.5,156.27059864222701,343.0,122.0,465.0,232.5,156.27059864222701,343.0,122.0,0,0,0,0,0,0,0,0,0,96,0,6451.612903225806,0.0,0.0,31.0,7.75,15.500000000000002,240.25000000000003,0,0,0,0,1,0,0,0,0.0,10.333333333333334,10.333333333333334,0.0,96,0,0,0,0,0,0,3,31,0,0,1476,-1,1,32,0,0,0,0,0,0,0,0,BENIGN
172.217.10.46-10.42.0.42-443-44720-6,172.217.10.46,443,10.42.0.42,44720,6,11/08/2017 09:46:05,2242,1,1,0.0,0.0,0.0,0.0,0.0,0.0,0.0,0.0,0.0,0.0,0.0,892.0606601248885,2242.0,0.0,2242.0,2242.0,0,0,0,0,0,0,0,0,0,0,0,0,0,0,32,32,446.03033006244425,446.03033006244425,0.0,0.0,0.0,0.0,0.0,0,0,0,0,1,0,0,0,1.0,0.0,0.0,0.0,32,0,0,0,0,0,0,1,0,1,0,175,1638,0,32,0,0,0,0,0,0,0,0,BENIGN
10.42.0.1-10.42.0.42-53-60405-17,10.42.0.42,60405,10.42.0.1,53,17,11/08/2017 10:10:54,64153,1,1,35.0,139.0,35.0,35.0,35.0,0.0,139.0,139.0,139.0,0.0,2712.2659891197604,31.175471139307593,64153.0,0.0,64153.0,64153.0,0,0,0,0,0,0,0,0,0,0,0,0,0,0,20,20,15.587735569653796,15.587735569653796,35.0,139.0,69.66666666666666,60.04442799572108,3605.333333333333,0,0,0,0,0,0,0,0,1.0,104.5,35.0,139.0,20,0,0,0,0,0,0,1,35,1,139,-1,-1,0,20,0,0,0,0,0,0,0,0,BENIGN
10.42.0.42-23.9.110.190-40124-80-6,10.42.0.42,40124,23.9.110.190,80,6,11/08/2017 10:11:28,40135,2,0,0.0,0.0,0.0,0.0,0.0,0.0,0,0,0,0,0.0,49.83181761554753,40135.0,0.0,40135.0,40135.0,40135.0,40135.0,0.0,40135.0,40135.0,0,0,0,0,0,0,0,0,0,64,0,49.83181761554753,0.0,0.0,0.0,0.0,0.0,0.0,0,0,0,0,1,0,0,0,0.0,0.0,0.0,0.0,64,0,0,0,0,0,0,2,0,0,0,1386,-1,0,32,0,0,0,0,0,0,0,0,BENIGN
10.42.0.1-10.42.0.42-53-1527-17,10.42.0.42,1527,10.42.0.1,53,17,11/08/2017 09:45:29,31363,1,1,32.0,48.0,32.0,32.0,32.0,0.0,48.0,48.0,48.0,0.0,2550.7763925644867,63.769409814112166,31363.0,0.0,31363.0,31363.0,0,0,0,0,0,0,0,0,0,0,0,0,0,0,32,32,31.884704907056083,31.884704907056083,32.0,48.0,37.333333333333336,9.237604307034012,85.33333333333333,0,0,0,0,0,0,0,0,1.0,56.0,32.0,48.0,32,0,0,0,0,0,0,1,32,1,48,-1,-1,0,32,0,0,0,0,0,0,0,0,BENIGN
10.42.0.42-123.125.29.220-42273-80-6,10.42.0.42,42273,123.125.29.220,80,6,11/08/2017 10:10:40,379286,2,2,0.0,0.0,0.0,0.0,0.0,0.0,0.0,0.0,0.0,0.0,0.0,10.546131415343567,126428.66666666667,155884.2586483104,301863.0,3826.0,77423.0,77423.0,0.0,77423.0,77423.0,305689.0,305689.0,0.0,305689.0,305689.0,0,0,0,0,40,52,5.273065707671783,5.273065707671783,0.0,0.0,0.0,0.0,0.0,0,0,0,0,1,1,0,0,1.0,0.0,0.0,0.0,40,0,0,0,0,0,0,2,0,2,0,1386,137,0,20,0,0,0,0,0,0,0,0,BENIGN
10.42.0.1-10.42.0.42-53-6126-17,10.42.0.42,6126,10.42.0.1,53,17,11/08/2017 10:08:48,48909,1,1,35.0,187.0,35.0,35.0,35.0,0.0,187.0,187.0,187.0,0.0,4539.041894129915,40.89226931648572,48909.0,0.0,48909.0,48909.0,0,0,0,0,0,0,0,0,0,0,0,0,0,0,32,32,20.44613465824286,20.44613465824286,35.0,187.0,85.66666666666666,87.75724091682311,7701.333333333333,0,0,0,0,0,0,0,0,1.0,128.5,35.0,187.0,32,0,0,0,0,0,0,1,35,1,187,-1,-1,0,32,0,0,0,0,0,0,0,0,BENIGN
219.142.78.162-10.42.0.42-80-52923-6,10.42.0.42,52923,219.142.78.162,80,6,11/08/2017 10:10:43,258263,1,1,0.0,0.0,0.0,0.0,0.0,0.0,0.0,0.0,0.0,0.0,0.0,7.744043862264435,258263.0,0.0,258263.0,258263.0,0,0,0,0,0,0,0,0,0,0,0,0,0,0,20,20,3.8720219311322177,3.8720219311322177,0.0,0.0,0.0,0.0,0.0,0,0,0,0,1,1,0,0,1.0,0.0,0.0,0.0,20,0,0,0,0,0,0,1,0,1,0,1386,126,0,20,0,0,0,0,0,0,0,0,BENIGN
10.42.0.1-10.42.0.42-53-14188-17,10.42.0.42,14188,10.42.0.1,53,17,11/08/2017 10:10:49,331491,1,1,31.0,105.0,31.0,31.0,31.0,0.0,105.0,105.0,105.0,0.0,410.26754874189646,6.03334630502789,331491.0,0.0,331491.0,331491.0,0,0,0,0,0,0,0,0,0,0,0,0,0,0,20,32,3.016673152513945,3.016673152513945,31.0,105.0,55.66666666666667,42.72391992003231,1825.3333333333335,0,0,0,0,0,0,0,0,1.0,83.5,31.0,105.0,20,0,0,0,0,0,0,1,31,1,105,-1,-1,0,20,0,0,0,0,0,0,0,0,BENIGN
10.42.0.1-10.42.0.42-53-47519-17,10.42.0.42,47519,10.42.0.1,53,17,11/08/2017 10:10:49,180964,1,1,32.0,155.0,32.0,32.0,32.0,0.0,155.0,155.0,155.0,0.0,1033.3547003823965,11.051921929223491,180964.0,0.0,180964.0,180964.0,0,0,0,0,0,0,0,0,0,0,0,0,0,0,32,32,5.525960964611746,5.525960964611746,32.0,155.0,73.0,71.01408311032397,5043.0,0,0,0,0,0,0,0,0,1.0,109.5,32.0,155.0,32,0,0,0,0,0,0,1,32,1,155,-1,-1,0,32,0,0,0,0,0,0,0,0,BENIGN
10.42.0.1-10.42.0.42-53-33676-17,10.42.0.42,33676,10.42.0.1,53,17,11/08/2017 10:10:39,1565503,1,1,33.0,99.0,33.0,33.0,33.0,0.0,99.0,99.0,99.0,0.0,84.3179476500524,1.2775446613644303,1565503.0,0.0,1565503.0,1565503.0,0,0,0,0,0,0,0,0,0,0,0,0,0,0,32,20,0.6387723306822152,0.6387723306822152,33.0,99.0,55.0,38.1051177665153,1452.0,0,0,0,0,0,0,0,0,1.0,82.5,33.0,99.0,32,0,0,0,0,0,0,1,33,1,99,-1,-1,0,32,0,0,0,0,0,0,0,0,BENIGN
10.42.0.42-65.55.223.31-46360-40015-17,10.42.0.42,46360,65.55.223.31,40015,17,11/08/2017 10:08:49,46500,1,1,44.0,20.0,44.0,44.0,44.0,0.0,20.0,20.0,20.0,0.0,1376.3440860215053,43.01075268817204,46500.0,0.0,46500.0,46500.0,0,0,0,0,0,0,0,0,0,0,0,0,0,0,32,32,21.50537634408602,21.50537634408602,20.0,44.0,36.0,13.856406460551018,192.0,0,0,0,0,0,0,0,0,1.0,54.0,44.0,20.0,32,0,0,0,0,0,0,1,44,1,20,-1,-1,0,32,0,0,0,0,0,0,0,0,BENIGN
10.42.0.42-23.192.50.116-53473-80-6,23.192.50.116,80,10.42.0.42,53473,6,11/08/2017 10:10:59,2482,1,1,0.0,0.0,0.0,0.0,0.0,0.0,0.0,0.0,0.0,0.0,0.0,805.8017727639001,2482.0,0.0,2482.0,2482.0,0,0,0,0,0,0,0,0,0,0,0,0,0,0,32,32,402.90088638195004,402.90088638195004,0.0,0.0,0.0,0.0,0.0,0,0,0,0,1,1,0,0,1.0,0.0,0.0,0.0,32,0,0,0,0,0,0,1,0,1,0,905,1369,0,32,0,0,0,0,0,0,0,0,BENIGN
208.80.154.224-10.42.0.42-443-34502-6,10.42.0.42,34502,208.80.154.224,443,6,11/08/2017 10:09:26,70198974,10,8,290.0,4995.0,205.0,0.0,29.0,67.36302975503534,1448.0,0.0,624.3749999999999,704.6922200507112,75.28600061875548,0.2564140039995456,4129351.411764706,1.698637922027806E7,7.0046163E7,5.0,7.0198974E7,7799886.0,2.3342366529035736E7,7.0046163E7,6.0,80017.0,11431.0,19215.54376886934,39640.0,5.0,0,0,0,0,328,264,0.142452224444192,0.11396177955535361,0.0,1448.0,278.1578947368421,536.1424212897472,287448.6959064327,0,0,0,1,0,0,0,0,0.0,293.6111111111111,29.0,624.375,328,0,0,0,0,0,0,10,290,8,4995,65535,59,2,32,152811.0,0.0,152811.0,152811.0,7.0046163E7,0.0,7.0046163E7,7.0046163E7,BENIGN
10.42.0.1-10.42.0.42-53-1641-17,10.42.0.42,1641,10.42.0.1,53,17,11/08/2017 10:08:24,31336,1,1,38.0,240.0,38.0,38.0,38.0,0.0,240.0,240.0,240.0,0.0,8871.58539698749,63.824355374010715,31336.0,0.0,31336.0,31336.0,0,0,0,0,0,0,0,0,0,0,0,0,0,0,40,32,31.912177687005357,31.912177687005357,38.0,240.0,105.33333333333333,116.6247543763044,13601.333333333332,0,0,0,0,0,0,0,0,1.0,158.0,38.0,240.0,40,0,0,0,0,0,0,1,38,1,240,-1,-1,0,40,0,0,0,0,0,0,0,0,BENIGN
172.217.12.194-10.42.0.42-443-41549-6,172.217.12.194,443,10.42.0.42,41549,6,11/08/2017 10:08:36,1548,1,1,0.0,0.0,0.0,0.0,0.0,0.0,0.0,0.0,0.0,0.0,0.0,1291.9896640826873,1548.0,0.0,1548.0,1548.0,0,0,0,0,0,0,0,0,0,0,0,0,0,0,32,32,645.9948320413437,645.9948320413437,0.0,0.0,0.0,0.0,0.0,0,0,0,0,1,0,0,0,1.0,0.0,0.0,0.0,32,0,0,0,0,0,0,1,0,1,0,175,1548,0,32,0,0,0,0,0,0,0,0,BENIGN
10.42.0.1-10.42.0.42-53-9932-17,10.42.0.42,9932,10.42.0.1,53,17,11/08/2017 10:10:44,1387364,1,1,31.0,109.0,31.0,31.0,31.0,0.0,109.0,109.0,109.0,0.0,100.91079197672708,1.4415827425246726,1387364.0,0.0,1387364.0,1387364.0,0,0,0,0,0,0,0,0,0,0,0,0,0,0,20,20,0.7207913712623363,0.7207913712623363,31.0,109.0,57.0,45.033320996790806,2028.0,0,0,0,0,0,0,0,0,1.0,85.5,31.0,109.0,20,0,0,0,0,0,0,1,31,1,109,-1,-1,0,20,0,0,0,0,0,0,0,0,BENIGN
10.42.0.42-123.125.29.220-42275-80-6,10.42.0.42,42275,123.125.29.220,80,6,11/08/2017 10:10:45,285540,1,1,0.0,0.0,0.0,0.0,0.0,0.0,0.0,0.0,0.0,0.0,0.0,7.004272606289836,285540.0,0.0,285540.0,285540.0,0,0,0,0,0,0,0,0,0,0,0,0,0,0,20,20,3.502136303144918,3.502136303144918,0.0,0.0,0.0,0.0,0.0,0,0,0,0,1,1,0,0,1.0,0.0,0.0,0.0,20,0,0,0,0,0,0,1,0,1,0,1386,137,0,20,0,0,0,0,0,0,0,0,BENIGN
10.42.0.1-10.42.0.42-53-1895-17,10.42.0.42,1895,10.42.0.1,53,17,11/08/2017 10:10:51,733946,1,1,31.0,102.0,31.0,31.0,31.0,0.0,102.0,102.0,102.0,0.0,181.21224177255547,2.7249961168805337,733946.0,0.0,733946.0,733946.0,0,0,0,0,0,0,0,0,0,0,0,0,0,0,40,20,1.3624980584402668,1.3624980584402668,31.0,102.0,54.66666666666667,40.991869112463434,1680.3333333333335,0,0,0,0,0,0,0,0,1.0,82.0,31.0,102.0,40,0,0,0,0,0,0,1,31,1,102,-1,-1,0,40,0,0,0,0,0,0,0,0,BENIGN
10.42.0.1-10.42.0.42-53-42313-17,10.42.0.42,42313,10.42.0.1,53,17,11/08/2017 10:08:29,1269,1,1,42.0,102.0,42.0,42.0,42.0,0.0,102.0,102.0,102.0,0.0,113475.17730496454,1576.0441292356186,1269.0,0.0,1269.0,1269.0,0,0,0,0,0,0,0,0,0,0,0,0,0,0,32,32,788.0220646178093,788.0220646178093,42.0,102.0,62.0,34.64101615137755,1200.0,0,0,0,0,0,0,0,0,1.0,93.0,42.0,102.0,32,0,0,0,0,0,0,1,42,1,102,-1,-1,0,32,0,0,0,0,0,0,0,0,BENIGN
172.217.9.227-10.42.0.42-443-59506-6,172.217.9.227,443,10.42.0.42,59506,6,11/08/2017 09:46:19,3069,1,1,0.0,0.0,0.0,0.0,0.0,0.0,0.0,0.0,0.0,0.0,0.0,651.6780710329098,3069.0,0.0,3069.0,3069.0,0,0,0,0,0,0,0,0,0,0,0,0,0,0,32,32,325.8390355164549,325.8390355164549,0.0,0.0,0.0,0.0,0.0,0,0,0,0,1,1,0,0,1.0,0.0,0.0,0.0,32,0,0,0,0,0,0,1,0,1,0,811,3664,0,32,0,0,0,0,0,0,0,0,BENIGN
10.42.0.1-10.42.0.42-53-36253-17,10.42.0.42,36253,10.42.0.1,53,17,11/08/2017 10:10:35,31338,1,1,31.0,176.0,31.0,31.0,31.0,0.0,176.0,176.0,176.0,0.0,6605.3991958644465,63.820282085646824,31338.0,0.0,31338.0,31338.0,0,0,0,0,0,0,0,0,0,0,0,0,0,0,20,32,31.910141042823412,31.910141042823412,31.0,176.0,79.33333333333334,83.71578903249574,7008.333333333334,0,0,0,0,0,0,0,0,1.0,119.0,31.0,176.0,20,0,0,0,0,0,0,1,31,1,176,-1,-1,0,20,0,0,0,0,0,0,0,0,BENIGN
10.42.0.1-10.42.0.42-53-29328-17,10.42.0.42,29328,10.42.0.1,53,17,11/08/2017 10:09:33,49173,1,1,33.0,108.0,33.0,33.0,33.0,0.0,108.0,108.0,108.0,0.0,2867.427246659752,40.67272690297521,49173.0,0.0,49173.0,49173.0,0,0,0,0,0,0,0,0,0,0,0,0,0,0,32,32,20.336363451487603,20.336363451487603,33.0,108.0,58.0,43.30127018922193,1875.0,0,0,0,0,0,0,0,0,1.0,87.0,33.0,108.0,32,0,0,0,0,0,0,1,33,1,108,-1,-1,0,32,0,0,0,0,0,0,0,0,BENIGN
10.42.0.42-117.121.27.13-33921-80-6,117.121.27.13,80,10.42.0.42,33921,6,11/08/2017 10:11:02,20727,1,1,0.0,0.0,0.0,0.0,0.0,0.0,0.0,0.0,0.0,0.0,0.0,96.49249770830319,20727.0,0.0,20727.0,20727.0,0,0,0,0,0,0,0,0,0,0,0,0,0,0,20,20,48.246248854151595,48.246248854151595,0.0,0.0,0.0,0.0,0.0,0,0,0,0,1,1,0,0,1.0,0.0,0.0,0.0,20,0,0,0,0,0,0,1,0,1,0,29,1369,0,20,0,0,0,0,0,0,0,0,BENIGN
10.42.0.1-10.42.0.42-53-38895-17,10.42.0.42,38895,10.42.0.1,53,17,11/08/2017 10:10:48,1212557,1,1,36.0,100.0,36.0,36.0,36.0,0.0,100.0,100.0,100.0,0.0,112.15967579256068,1.6494069969494216,1212557.0,0.0,1212557.0,1212557.0,0,0,0,0,0,0,0,0,0,0,0,0,0,0,20,20,0.8247034984747108,0.8247034984747108,36.0,100.0,57.33333333333333,36.95041722813605,1365.3333333333333,0,0,0,0,0,0,0,0,1.0,86.0,36.0,100.0,20,0,0,0,0,0,0,1,36,1,100,-1,-1,0,20,0,0,0,0,0,0,0,0,BENIGN
10.42.0.42-52.179.189.71-53668-443-6,52.179.189.71,443,10.42.0.42,53668,6,11/08/2017 10:09:26,1847,1,1,0.0,0.0,0.0,0.0,0.0,0.0,0.0,0.0,0.0,0.0,0.0,1082.8370330265295,1847.0,0.0,1847.0,1847.0,0,0,0,0,0,0,0,0,0,0,0,0,0,0,32,32,541.4185165132648,541.4185165132648,0.0,0.0,0.0,0.0,0.0,0,0,0,0,1,1,0,0,1.0,0.0,0.0,0.0,32,0,0,0,0,0,0,1,0,1,0,1029,1595,0,32,0,0,0,0,0,0,0,0,BENIGN
10.42.0.1-10.42.0.42-53-27153-17,10.42.0.42,27153,10.42.0.1,53,17,11/08/2017 10:10:35,61616,1,1,34.0,70.0,34.0,34.0,34.0,0.0,70.0,70.0,70.0,0.0,1687.8732796676188,32.459101532069596,61616.0,0.0,61616.0,61616.0,0,0,0,0,0,0,0,0,0,0,0,0,0,0,20,20,16.229550766034798,16.229550766034798,34.0,70.0,46.0,20.784609690826528,432.0,0,0,0,0,0,0,0,0,1.0,69.0,34.0,70.0,20,0,0,0,0,0,0,1,34,1,70,-1,-1,0,20,0,0,0,0,0,0,0,0,BENIGN
10.42.0.1-10.42.0.42-53-28965-17,10.42.0.42,28965,10.42.0.1,53,17,11/08/2017 10:08:37,51927,1,1,33.0,289.0,33.0,33.0,33.0,0.0,289.0,289.0,289.0,0.0,6201.012960502243,38.51560845032449,51927.0,0.0,51927.0,51927.0,0,0,0,0,0,0,0,0,0,0,0,0,0,0,32,32,19.257804225162246,19.257804225162246,33.0,289.0,118.33333333333333,147.8016689125442,21845.333333333332,0,0,0,0,0,0,0,0,1.0,177.5,33.0,289.0,32,0,0,0,0,0,0,1,33,1,289,-1,-1,0,32,0,0,0,0,0,0,0,0,BENIGN
10.42.0.42-36.110.210.167-33835-80-6,36.110.210.167,80,10.42.0.42,33835,6,11/08/2017 10:11:02,18185,2,1,0.0,0.0,0.0,0.0,0.0,0.0,0.0,0.0,0.0,0.0,0.0,164.97113005224085,9092.5,9804.035521151482,16025.0,2160.0,18185.0,18185.0,0.0,18185.0,18185.0,0,0,0,0,0,0,0,0,0,40,20,109.98075336816058,54.99037668408029,0.0,0.0,0.0,0.0,0.0,0,0,0,0,1,1,0,0,0.0,0.0,0.0,0.0,40,0,0,0,0,0,0,2,0,1,0,115,1369,0,20,0,0,0,0,0,0,0,0,BENIGN
172.217.10.106-10.42.0.42-443-55351-17,10.42.0.42,55351,172.217.10.106,443,17,11/08/2017 10:08:43,323390,9,11,3822.0,4676.0,1350.0,35.0,424.66666666666674,554.1326555979173,1350.0,18.0,425.0909090909091,601.2489425430126,26277.868827112772,61.844831318222575,17020.526315789477,20623.89883489654,62510.0,8.0,323390.0,40423.75,43243.71628258343,128107.0,150.0,220302.0,22030.199999999997,24950.3738106043,66519.0,8.0,0,0,0,0,296,360,27.83017409320016,34.01465722502242,18.0,1350.0,468.9523809523809,586.7948939953785,344328.2476190475,0,0,0,0,0,0,0,0,1.0,492.4,424.6666666666667,425.09090909090907,296,0,0,0,0,0,0,9,3822,11,4676,-1,-1,8,32,0,0,0,0,0,0,0,0,BENIGN
10.42.0.1-10.42.0.42-53-7545-17,10.42.0.42,7545,10.42.0.1,53,17,11/08/2017 10:10:49,61358,1,1,31.0,105.0,31.0,31.0,31.0,0.0,105.0,105.0,105.0,0.0,2216.499885915447,32.595586557580106,61358.0,0.0,61358.0,61358.0,0,0,0,0,0,0,0,0,0,0,0,0,0,0,20,20,16.297793278790053,16.297793278790053,31.0,105.0,55.66666666666667,42.72391992003231,1825.3333333333335,0,0,0,0,0,0,0,0,1.0,83.5,31.0,105.0,20,0,0,0,0,0,0,1,31,1,105,-1,-1,0,20,0,0,0,0,0,0,0,0,BENIGN
10.42.0.1-10.42.0.42-53-60391-17,10.42.0.42,60391,10.42.0.1,53,17,11/08/2017 09:48:58,1332,1,1,45.0,303.0,45.0,45.0,45.0,0.0,303.0,303.0,303.0,0.0,261261.26126126124,1501.5015015015015,1332.0,0.0,1332.0,1332.0,0,0,0,0,0,0,0,0,0,0,0,0,0,0,32,32,750.7507507507507,750.7507507507507,45.0,303.0,131.0,148.95636945092346,22188.0,0,0,0,0,0,0,0,0,1.0,196.5,45.0,303.0,32,0,0,0,0,0,0,1,45,1,303,-1,-1,0,32,0,0,0,0,0,0,0,0,BENIGN
10.42.0.1-10.42.0.42-53-45580-17,10.42.0.42,45580,10.42.0.1,53,17,11/08/2017 10:10:42,62163,1,1,34.0,81.0,34.0,34.0,34.0,0.0,81.0,81.0,81.0,0.0,1849.9750655534642,32.173479400929814,62163.0,0.0,62163.0,62163.0,0,0,0,0,0,0,0,0,0,0,0,0,0,0,20,20,16.086739700464907,16.086739700464907,34.0,81.0,49.666666666666664,27.13546265191241,736.3333333333333,0,0,0,0,0,0,0,0,1.0,74.5,34.0,81.0,20,0,0,0,0,0,0,1,34,1,81,-1,-1,0,20,0,0,0,0,0,0,0,0,BENIGN
10.42.0.1-10.42.0.42-53-12681-17,10.42.0.42,12681,10.42.0.1,53,17,11/08/2017 10:10:35,184706,1,1,32.0,217.0,32.0,32.0,32.0,0.0,217.0,217.0,217.0,0.0,1348.0883133195455,10.828018580879885,184706.0,0.0,184706.0,184706.0,0,0,0,0,0,0,0,0,0,0,0,0,0,0,20,32,5.414009290439942,5.414009290439942,32.0,217.0,93.66666666666666,106.80979980008077,11408.333333333332,0,0,0,0,0,0,0,0,1.0,140.5,32.0,217.0,20,0,0,0,0,0,0,1,32,1,217,-1,-1,0,20,0,0,0,0,0,0,0,0,BENIGN
10.42.0.1-10.42.0.42-53-33805-17,10.42.0.42,33805,10.42.0.1,53,17,11/08/2017 10:08:57,24538,1,1,48.0,199.0,48.0,48.0,48.0,0.0,199.0,199.0,199.0,0.0,10066.020050533865,81.50623522699486,24538.0,0.0,24538.0,24538.0,0,0,0,0,0,0,0,0,0,0,0,0,0,0,32,32,40.75311761349743,40.75311761349743,48.0,199.0,98.33333333333334,87.1798906476335,7600.333333333334,0,0,0,0,0,0,0,0,1.0,147.5,48.0,199.0,32,0,0,0,0,0,0,1,48,1,199,-1,-1,0,32,0,0,0,0,0,0,0,0,BENIGN
10.42.0.1-10.42.0.42-53-27455-17,10.42.0.42,27455,10.42.0.1,53,17,11/08/2017 10:10:39,425331,1,1,32.0,217.0,32.0,32.0,32.0,0.0,217.0,217.0,217.0,0.0,585.4264090790466,4.702220153245355,425331.0,0.0,425331.0,425331.0,0,0,0,0,0,0,0,0,0,0,0,0,0,0,32,40,2.3511100766226773,2.3511100766226773,32.0,217.0,93.66666666666666,106.80979980008077,11408.333333333332,0,0,0,0,0,0,0,0,1.0,140.5,32.0,217.0,32,0,0,0,0,0,0,1,32,1,217,-1,-1,0,32,0,0,0,0,0,0,0,0,BENIGN
10.42.0.1-10.42.0.42-53-26081-17,10.42.0.42,26081,10.42.0.1,53,17,11/08/2017 10:09:26,1195,1,1,33.0,49.0,33.0,33.0,33.0,0.0,49.0,49.0,49.0,0.0,68619.24686192468,1673.6401673640166,1195.0,0.0,1195.0,1195.0,0,0,0,0,0,0,0,0,0,0,0,0,0,0,40,40,836.8200836820083,836.8200836820083,33.0,49.0,38.333333333333336,9.237604307034012,85.33333333333333,0,0,0,0,0,0,0,0,1.0,57.5,33.0,49.0,40,0,0,0,0,0,0,1,33,1,49,-1,-1,0,40,0,0,0,0,0,0,0,0,BENIGN
219.142.78.162-10.42.0.42-80-52955-6,10.42.0.42,52955,219.142.78.162,80,6,11/08/2017 10:10:46,253871,1,1,0.0,0.0,0.0,0.0,0.0,0.0,0.0,0.0,0.0,0.0,0.0,7.878016788053775,253871.0,0.0,253871.0,253871.0,0,0,0,0,0,0,0,0,0,0,0,0,0,0,20,20,3.9390083940268874,3.9390083940268874,0.0,0.0,0.0,0.0,0.0,0,0,0,0,1,1,0,0,1.0,0.0,0.0,0.0,20,0,0,0,0,0,0,1,0,1,0,1386,124,0,20,0,0,0,0,0,0,0,0,BENIGN
10.42.0.1-10.42.0.42-53-58761-17,10.42.0.42,58761,10.42.0.1,53,17,11/08/2017 10:10:35,64299,1,1,37.0,182.0,37.0,37.0,37.0,0.0,182.0,182.0,182.0,0.0,3405.9627676946766,31.104682809997048,64299.0,0.0,64299.0,64299.0,0,0,0,0,0,0,0,0,0,0,0,0,0,0,20,20,15.552341404998524,15.552341404998524,37.0,182.0,85.33333333333334,83.71578903249574,7008.333333333334,0,0,0,0,0,0,0,0,1.0,128.0,37.0,182.0,20,0,0,0,0,0,0,1,37,1,182,-1,-1,0,20,0,0,0,0,0,0,0,0,BENIGN
10.42.0.1-10.42.0.42-53-22714-17,10.42.0.42,22714,10.42.0.1,53,17,11/08/2017 10:10:52,149916,1,1,34.0,83.0,34.0,34.0,34.0,0.0,83.0,83.0,83.0,0.0,780.4370447450573,13.340804183676193,149916.0,0.0,149916.0,149916.0,0,0,0,0,0,0,0,0,0,0,0,0,0,0,32,20,6.670402091838096,6.670402091838096,34.0,83.0,50.33333333333333,28.29016319029166,800.3333333333333,0,0,0,0,0,0,0,0,1.0,75.5,34.0,83.0,32,0,0,0,0,0,0,1,34,1,83,-1,-1,0,32,0,0,0,0,0,0,0,0,BENIGN
180.163.255.159-10.42.0.42-80-36485-6,180.163.255.159,80,10.42.0.42,36485,6,11/08/2017 10:10:53,2389,1,1,0.0,0.0,0.0,0.0,0.0,0.0,0.0,0.0,0.0,0.0,0.0,837.1703641691084,2389.0,0.0,2389.0,2389.0,0,0,0,0,0,0,0,0,0,0,0,0,0,0,20,20,418.5851820845542,418.5851820845542,0.0,0.0,0.0,0.0,0.0,0,0,0,0,1,1,0,0,1.0,0.0,0.0,0.0,20,0,0,0,0,0,0,1,0,1,0,29,1369,0,20,0,0,0,0,0,0,0,0,BENIGN
10.42.0.42-123.125.29.138-52587-443-6,123.125.29.138,443,10.42.0.42,52587,6,11/08/2017 10:11:02,2158,1,1,0.0,0.0,0.0,0.0,0.0,0.0,0.0,0.0,0.0,0.0,0.0,926.7840593141797,2158.0,0.0,2158.0,2158.0,0,0,0,0,0,0,0,0,0,0,0,0,0,0,20,20,463.39202965708984,463.39202965708984,0.0,0.0,0.0,0.0,0.0,0,0,0,0,1,1,0,0,1.0,0.0,0.0,0.0,20,0,0,0,0,0,0,1,0,1,0,115,1369,0,20,0,0,0,0,0,0,0,0,BENIGN
180.76.183.242-10.42.0.42-80-50038-6,10.42.0.42,50038,180.76.183.242,80,6,11/08/2017 10:10:40,263950,1,1,0.0,0.0,0.0,0.0,0.0,0.0,0.0,0.0,0.0,0.0,0.0,7.577192650123129,263950.0,0.0,263950.0,263950.0,0,0,0,0,0,0,0,0,0,0,0,0,0,0,32,32,3.7885963250615644,3.7885963250615644,0.0,0.0,0.0,0.0,0.0,0,0,0,0,1,1,0,0,1.0,0.0,0.0,0.0,32,0,0,0,0,0,0,1,0,1,0,1390,400,0,32,0,0,0,0,0,0,0,0,BENIGN
10.42.0.1-10.42.0.42-53-20199-17,10.42.0.42,20199,10.42.0.1,53,17,11/08/2017 10:08:56,144,1,1,36.0,214.0,36.0,36.0,36.0,0.0,214.0,214.0,214.0,0.0,1736111.111111111,13888.888888888889,144.0,0.0,144.0,144.0,0,0,0,0,0,0,0,0,0,0,0,0,0,0,32,32,6944.444444444444,6944.444444444444,36.0,214.0,95.33333333333334,102.7683479157534,10561.333333333334,0,0,0,0,0,0,0,0,1.0,143.0,36.0,214.0,32,0,0,0,0,0,0,1,36,1,214,-1,-1,0,32,0,0,0,0,0,0,0,0,BENIGN
216.58.217.164-10.42.0.42-443-54840-6,10.42.0.42,54840,216.58.217.164,443,6,11/08/2017 09:49:29,190308,2,0,0.0,0.0,0.0,0.0,0.0,0.0,0,0,0,0,0.0,10.509279693969775,190308.0,0.0,190308.0,190308.0,190308.0,190308.0,0.0,190308.0,190308.0,0,0,0,0,0,0,0,0,0,64,0,10.509279693969775,0.0,0.0,0.0,0.0,0.0,0.0,0,0,0,0,1,1,0,0,0.0,0.0,0.0,0.0,64,0,0,0,0,0,0,2,0,0,0,176,-1,0,32,0,0,0,0,0,0,0,0,BENIGN
10.42.0.1-10.42.0.42-53-39836-17,10.42.0.42,39836,10.42.0.1,53,17,11/08/2017 10:10:50,74873,1,1,29.0,148.0,29.0,29.0,29.0,0.0,148.0,148.0,148.0,0.0,2364.0030451564653,26.711898815327288,74873.0,0.0,74873.0,74873.0,0,0,0,0,0,0,0,0,0,0,0,0,0,0,20,32,13.355949407663644,13.355949407663644,29.0,148.0,68.66666666666666,68.70468203356546,4720.333333333333,0,0,0,0,0,0,0,0,1.0,103.0,29.0,148.0,20,0,0,0,0,0,0,1,29,1,148,-1,-1,0,20,0,0,0,0,0,0,0,0,BENIGN
172.217.12.138-10.42.0.42-443-36590-6,172.217.12.138,443,10.42.0.42,36590,6,11/08/2017 09:46:18,6805,1,1,0.0,0.0,0.0,0.0,0.0,0.0,0.0,0.0,0.0,0.0,0.0,293.9015429831006,6805.0,0.0,6805.0,6805.0,0,0,0,0,0,0,0,0,0,0,0,0,0,0,32,32,146.9507714915503,146.9507714915503,0.0,0.0,0.0,0.0,0.0,0,0,0,0,1,1,0,0,1.0,0.0,0.0,0.0,32,0,0,0,0,0,0,1,0,1,0,388,1770,0,32,0,0,0,0,0,0,0,0,BENIGN
174.35.73.84-10.42.0.42-443-57639-6,10.42.0.42,57639,174.35.73.84,443,6,11/08/2017 10:11:16,38253,2,0,0.0,0.0,0.0,0.0,0.0,0.0,0,0,0,0,0.0,52.28348103416725,38253.0,0.0,38253.0,38253.0,38253.0,38253.0,0.0,38253.0,38253.0,0,0,0,0,0,0,0,0,0,64,0,52.28348103416725,0.0,0.0,0.0,0.0,0.0,0.0,0,0,0,0,1,0,0,0,0.0,0.0,0.0,0.0,64,0,0,0,0,0,0,2,0,0,0,3722,-1,0,32,0,0,0,0,0,0,0,0,BENIGN
10.42.0.1-10.42.0.42-53-8871-17,10.42.0.42,8871,10.42.0.1,53,17,11/08/2017 10:10:38,31253,1,1,37.0,109.0,37.0,37.0,37.0,0.0,109.0,109.0,109.0,0.0,4671.551531053018,63.993856589767375,31253.0,0.0,31253.0,31253.0,0,0,0,0,0,0,0,0,0,0,0,0,0,0,40,32,31.996928294883688,31.996928294883688,37.0,109.0,61.0,41.569219381653056,1728.0,0,0,0,0,0,0,0,0,1.0,91.5,37.0,109.0,40,0,0,0,0,0,0,1,37,1,109,-1,-1,0,40,0,0,0,0,0,0,0,0,BENIGN
10.42.0.1-10.42.0.42-53-33745-17,10.42.0.42,33745,10.42.0.1,53,17,11/08/2017 10:10:35,31447,1,1,36.0,68.0,36.0,36.0,36.0,0.0,68.0,68.0,68.0,0.0,3307.1517155849524,63.599071453556775,31447.0,0.0,31447.0,31447.0,0,0,0,0,0,0,0,0,0,0,0,0,0,0,32,32,31.799535726778387,31.799535726778387,36.0,68.0,46.666666666666664,18.475208614068023,341.3333333333333,0,0,0,0,0,0,0,0,1.0,70.0,36.0,68.0,32,0,0,0,0,0,0,1,36,1,68,-1,-1,0,32,0,0,0,0,0,0,0,0,BENIGN
10.42.0.1-10.42.0.42-53-17375-17,10.42.0.42,17375,10.42.0.1,53,17,11/08/2017 10:10:51,161565,1,1,32.0,70.0,32.0,32.0,32.0,0.0,70.0,70.0,70.0,0.0,631.3248537740229,12.378918701451429,161565.0,0.0,161565.0,161565.0,0,0,0,0,0,0,0,0,0,0,0,0,0,0,20,32,6.1894593507257145,6.1894593507257145,32.0,70.0,44.666666666666664,21.939310229205777,481.3333333333333,0,0,0,0,0,0,0,0,1.0,67.0,32.0,70.0,20,0,0,0,0,0,0,1,32,1,70,-1,-1,0,20,0,0,0,0,0,0,0,0,BENIGN
10.42.0.1-10.42.0.42-53-9160-17,10.42.0.42,9160,10.42.0.1,53,17,11/08/2017 10:10:37,98081,1,1,31.0,95.0,31.0,31.0,31.0,0.0,95.0,95.0,95.0,0.0,1284.6524811125498,20.391309224008726,98081.0,0.0,98081.0,98081.0,0,0,0,0,0,0,0,0,0,0,0,0,0,0,32,32,10.195654612004363,10.195654612004363,31.0,95.0,52.33333333333333,36.95041722813605,1365.3333333333333,0,0,0,0,0,0,0,0,1.0,78.5,31.0,95.0,32,0,0,0,0,0,0,1,31,1,95,-1,-1,0,32,0,0,0,0,0,0,0,0,BENIGN
10.42.0.42-123.125.29.138-52584-443-6,123.125.29.138,443,10.42.0.42,52584,6,11/08/2017 10:11:16,5123,1,2,31.0,0.0,31.0,31.0,31.0,0.0,0.0,0.0,0.0,0.0,6051.141909037673,585.5943782939684,2561.5,3502.29988721697,5038.0,85.0,0,0,0,0,0,85.0,85.0,0.0,85.0,85.0,1,0,0,0,20,52,195.19812609798947,390.39625219597895,0.0,31.0,15.499999999999998,17.897858344878397,320.3333333333333,0,1,0,0,1,0,0,0,2.0,20.666666666666668,31.0,0.0,20,0,0,0,0,0,0,1,31,2,0,143,1689,0,20,0,0,0,0,0,0,0,0,BENIGN
10.42.0.1-10.42.0.42-53-61367-17,10.42.0.42,61367,10.42.0.1,53,17,11/08/2017 10:08:45,118374,1,1,40.0,104.0,40.0,40.0,40.0,0.0,104.0,104.0,104.0,0.0,1216.4833493841554,16.895602074779937,118374.0,0.0,118374.0,118374.0,0,0,0,0,0,0,0,0,0,0,0,0,0,0,32,40,8.447801037389969,8.447801037389969,40.0,104.0,61.33333333333333,36.95041722813605,1365.3333333333333,0,0,0,0,0,0,0,0,1.0,92.0,40.0,104.0,32,0,0,0,0,0,0,1,40,1,104,-1,-1,0,32,0,0,0,0,0,0,0,0,BENIGN
10.42.0.1-10.42.0.42-53-49086-17,10.42.0.42,49086,10.42.0.1,53,17,11/08/2017 10:08:48,23892,1,1,32.0,110.0,32.0,32.0,32.0,0.0,110.0,110.0,110.0,0.0,5943.412020760087,83.71002846140968,23892.0,0.0,23892.0,23892.0,0,0,0,0,0,0,0,0,0,0,0,0,0,0,32,32,41.85501423070484,41.85501423070484,32.0,110.0,58.0,45.033320996790806,2028.0,0,0,0,0,0,0,0,0,1.0,87.0,32.0,110.0,32,0,0,0,0,0,0,1,32,1,110,-1,-1,0,32,0,0,0,0,0,0,0,0,BENIGN
10.42.0.42-111.221.77.163-46360-443-17,10.42.0.42,46360,111.221.77.163,443,17,11/08/2017 10:08:49,232310,1,1,18.0,26.0,18.0,18.0,18.0,0.0,26.0,26.0,26.0,0.0,189.40209203219837,8.609186001463563,232310.0,0.0,232310.0,232310.0,0,0,0,0,0,0,0,0,0,0,0,0,0,0,32,32,4.304593000731781,4.304593000731781,18.0,26.0,20.666666666666668,4.618802153517006,21.333333333333332,0,0,0,0,0,0,0,0,1.0,31.0,18.0,26.0,32,0,0,0,0,0,0,1,18,1,26,-1,-1,0,32,0,0,0,0,0,0,0,0,BENIGN
10.42.0.1-10.42.0.42-53-5593-17,10.42.0.42,5593,10.42.0.1,53,17,11/08/2017 10:08:39,54076,1,1,36.0,93.0,36.0,36.0,36.0,0.0,93.0,93.0,93.0,0.0,2385.531474221466,36.98498409645684,54076.0,0.0,54076.0,54076.0,0,0,0,0,0,0,0,0,0,0,0,0,0,0,40,32,18.49249204822842,18.49249204822842,36.0,93.0,55.0,32.90896534380867,1083.0,0,0,0,0,0,0,0,0,1.0,82.5,36.0,93.0,40,0,0,0,0,0,0,1,36,1,93,-1,-1,0,40,0,0,0,0,0,0,0,0,BENIGN
10.42.0.42-108.177.112.95-41032-443-6,10.42.0.42,41032,108.177.112.95,443,6,11/08/2017 10:17:37,88938,2,0,0.0,0.0,0.0,0.0,0.0,0.0,0,0,0,0,0.0,22.487575614473002,88938.0,0.0,88938.0,88938.0,88938.0,88938.0,0.0,88938.0,88938.0,0,0,0,0,0,0,0,0,0,64,0,22.487575614473002,0.0,0.0,0.0,0.0,0.0,0.0,0,0,0,0,1,1,0,0,0.0,0.0,0.0,0.0,64,0,0,0,0,0,0,2,0,0,0,177,-1,0,32,0,0,0,0,0,0,0,0,BENIGN
10.42.0.1-10.42.0.42-53-45391-17,10.42.0.42,45391,10.42.0.1,53,17,11/08/2017 10:10:36,31328,1,1,27.0,59.0,27.0,27.0,27.0,0.0,59.0,59.0,59.0,0.0,2745.1481103166493,63.84065372829417,31328.0,0.0,31328.0,31328.0,0,0,0,0,0,0,0,0,0,0,0,0,0,0,20,20,31.920326864147086,31.920326864147086,27.0,59.0,37.666666666666664,18.475208614068023,341.3333333333333,0,0,0,0,0,0,0,0,1.0,56.5,27.0,59.0,20,0,0,0,0,0,0,1,27,1,59,-1,-1,0,20,0,0,0,0,0,0,0,0,BENIGN
180.149.138.210-10.42.0.42-80-34684-6,180.149.138.210,80,10.42.0.42,34684,6,11/08/2017 10:10:41,15764,5,4,4644.0,0.0,1460.0,0.0,928.8,733.3397575476185,0.0,0.0,0.0,0.0,294595.2803856889,570.9210860187769,1970.5,2971.1287898228657,9175.0,26.0,15764.0,3941.0,5895.4075912244325,12512.0,26.0,4803.0,1601.0,871.4419085630436,2606.0,1055.0,0,0,0,0,100,128,317.17838112154277,253.7427048972342,0.0,1460.0,610.4,735.6187418312106,541134.9333333333,0,0,0,0,1,0,0,0,0.0,678.2222222222222,928.8,0.0,100,0,0,0,0,0,0,5,4644,4,0,126,1643,3,20,0,0,0,0,0,0,0,0,BENIGN
10.42.0.1-10.42.0.42-53-28174-17,10.42.0.42,28174,10.42.0.1,53,17,11/08/2017 10:10:35,62011,1,1,34.0,78.0,34.0,34.0,34.0,0.0,78.0,78.0,78.0,0.0,1806.1311702762414,32.25234232636145,62011.0,0.0,62011.0,62011.0,0,0,0,0,0,0,0,0,0,0,0,0,0,0,40,20,16.126171163180725,16.126171163180725,34.0,78.0,48.666666666666664,25.40341184434353,645.3333333333333,0,0,0,0,0,0,0,0,1.0,73.0,34.0,78.0,40,0,0,0,0,0,0,1,34,1,78,-1,-1,0,40,0,0,0,0,0,0,0,0,BENIGN
10.42.0.42-52.85.101.13-55956-80-6,52.85.101.13,80,10.42.0.42,55956,6,11/08/2017 10:08:24,2184,1,1,0.0,0.0,0.0,0.0,0.0,0.0,0.0,0.0,0.0,0.0,0.0,915.7509157509156,2184.0,0.0,2184.0,2184.0,0,0,0,0,0,0,0,0,0,0,0,0,0,0,32,32,457.8754578754578,457.8754578754578,0.0,0.0,0.0,0.0,0.0,0,0,0,0,1,1,0,0,1.0,0.0,0.0,0.0,32,0,0,0,0,0,0,1,0,1,0,118,3243,0,32,0,0,0,0,0,0,0,0,BENIGN
10.42.0.1-10.42.0.42-53-19291-17,10.42.0.42,19291,10.42.0.1,53,17,11/08/2017 10:08:48,23984,1,1,34.0,199.0,34.0,34.0,34.0,0.0,199.0,199.0,199.0,0.0,9714.809873248832,83.38892595063376,23984.0,0.0,23984.0,23984.0,0,0,0,0,0,0,0,0,0,0,0,0,0,0,32,32,41.69446297531688,41.69446297531688,34.0,199.0,89.0,95.26279441628824,9075.0,0,0,0,0,0,0,0,0,1.0,133.5,34.0,199.0,32,0,0,0,0,0,0,1,34,1,199,-1,-1,0,32,0,0,0,0,0,0,0,0,BENIGN
10.42.0.1-10.42.0.42-5351-35437-17,10.42.0.42,35437,10.42.0.1,5351,17,11/08/2017 10:08:48,1805829,4,0,48.0,0.0,12.0,12.0,12.0,0.0,0,0,0,0,26.580589856514656,2.2150491547095545,601943.0,375512.10721227084,996490.0,248917.0,1805829.0,601943.0,375512.10721227084,996490.0,248917.0,0,0,0,0,0,0,0,0,0,128,0,2.2150491547095545,0.0,12.0,12.0,12.0,0.0,0.0,0,0,0,0,0,0,0,0,0.0,15.0,12.0,0.0,128,0,0,0,0,0,0,4,48,0,0,-1,-1,3,32,0,0,0,0,0,0,0,0,BENIGN
10.42.0.1-10.42.0.42-53-39208-17,10.42.0.42,39208,10.42.0.1,53,17,11/08/2017 09:50:04,1425,1,1,37.0,295.0,37.0,37.0,37.0,0.0,295.0,295.0,295.0,0.0,232982.45614035087,1403.5087719298244,1425.0,0.0,1425.0,1425.0,0,0,0,0,0,0,0,0,0,0,0,0,0,0,32,32,701.7543859649122,701.7543859649122,37.0,295.0,123.0,148.95636945092346,22188.0,0,0,0,0,0,0,0,0,1.0,184.5,37.0,295.0,32,0,0,0,0,0,0,1,37,1,295,-1,-1,0,32,0,0,0,0,0,0,0,0,BENIGN
10.42.0.1-10.42.0.42-53-64518-17,10.42.0.42,64518,10.42.0.1,53,17,11/08/2017 10:10:48,791552,1,1,34.0,74.0,34.0,34.0,34.0,0.0,74.0,74.0,74.0,0.0,136.4408150064683,2.5266817593790427,791552.0,0.0,791552.0,791552.0,0,0,0,0,0,0,0,0,0,0,0,0,0,0,40,20,1.2633408796895214,1.2633408796895214,34.0,74.0,47.333333333333336,23.094010767585033,533.3333333333334,0,0,0,0,0,0,0,0,1.0,71.0,34.0,74.0,40,0,0,0,0,0,0,1,34,1,74,-1,-1,0,40,0,0,0,0,0,0,0,0,BENIGN
10.42.0.1-10.42.0.42-53-32828-17,10.42.0.42,32828,10.42.0.1,53,17,11/08/2017 09:46:21,760,1,1,44.0,84.0,44.0,44.0,44.0,0.0,84.0,84.0,84.0,0.0,168421.05263157893,2631.578947368421,760.0,0.0,760.0,760.0,0,0,0,0,0,0,0,0,0,0,0,0,0,0,32,32,1315.7894736842104,1315.7894736842104,44.0,84.0,57.333333333333336,23.094010767585033,533.3333333333334,0,0,0,0,0,0,0,0,1.0,86.0,44.0,84.0,32,0,0,0,0,0,0,1,44,1,84,-1,-1,0,32,0,0,0,0,0,0,0,0,BENIGN
10.42.0.42-106.11.176.1-41073-443-6,10.42.0.42,41073,106.11.176.1,443,6,11/08/2017 10:10:51,91450457,12,13,776.0,3671.0,259.0,0.0,64.66666666666667,86.72457272971437,1452.0,0.0,282.38461538461536,531.2984940159248,48.62742238674652,0.273372061989805,3810435.7083333335,1.8363718297842473E7,9.0023338E7,15.0,1065441.0,96858.27272727274,156185.70954481777,351210.0,109.0,9.1111332E7,7592611.0,2.595942571670128E7,9.0023338E7,15.0,0,0,0,0,260,280,0.13121858975510642,0.14215347223469862,0.0,1452.0,171.03846153846155,389.68073914621243,151851.07846153845,0,0,0,1,0,0,0,0,1.0,177.88,64.66666666666667,282.38461538461536,260,0,0,0,0,0,0,12,776,13,3671,65535,0,7,20,1427119.0,0.0,1427119.0,1427119.0,9.0023338E7,0.0,9.0023338E7,9.0023338E7,BENIGN
10.42.0.42-123.125.29.220-42305-80-6,10.42.0.42,42305,123.125.29.220,80,6,11/08/2017 10:10:42,298698,1,1,0.0,0.0,0.0,0.0,0.0,0.0,0.0,0.0,0.0,0.0,0.0,6.695726118018868,298698.0,0.0,298698.0,298698.0,0,0,0,0,0,0,0,0,0,0,0,0,0,0,20,20,3.347863059009434,3.347863059009434,0.0,0.0,0.0,0.0,0.0,0,0,0,0,1,1,0,0,1.0,0.0,0.0,0.0,20,0,0,0,0,0,0,1,0,1,0,1386,137,0,20,0,0,0,0,0,0,0,0,BENIGN
180.149.136.247-10.42.0.42-80-44203-6,10.42.0.42,44203,180.149.136.247,80,6,11/08/2017 10:10:47,270288,1,1,0.0,0.0,0.0,0.0,0.0,0.0,0.0,0.0,0.0,0.0,0.0,7.399514591842776,270288.0,0.0,270288.0,270288.0,0,0,0,0,0,0,0,0,0,0,0,0,0,0,20,20,3.699757295921388,3.699757295921388,0.0,0.0,0.0,0.0,0.0,0,0,0,0,1,1,0,0,1.0,0.0,0.0,0.0,20,0,0,0,0,0,0,1,0,1,0,1386,124,0,20,0,0,0,0,0,0,0,0,BENIGN
10.42.0.1-10.42.0.42-53-56415-17,10.42.0.42,56415,10.42.0.1,53,17,11/08/2017 10:09:27,1306,1,1,37.0,77.0,37.0,37.0,37.0,0.0,77.0,77.0,77.0,0.0,87289.43338437978,1531.3935681470136,1306.0,0.0,1306.0,1306.0,0,0,0,0,0,0,0,0,0,0,0,0,0,0,32,32,765.6967840735068,765.6967840735068,37.0,77.0,50.333333333333336,23.094010767585033,533.3333333333334,0,0,0,0,0,0,0,0,1.0,75.5,37.0,77.0,32,0,0,0,0,0,0,1,37,1,77,-1,-1,0,32,0,0,0,0,0,0,0,0,BENIGN
10.42.0.42-104.208.28.54-51479-443-6,104.208.28.54,443,10.42.0.42,51479,6,11/08/2017 10:09:26,2252,1,1,0.0,0.0,0.0,0.0,0.0,0.0,0.0,0.0,0.0,0.0,0.0,888.0994671403197,2252.0,0.0,2252.0,2252.0,0,0,0,0,0,0,0,0,0,0,0,0,0,0,32,32,444.04973357015984,444.04973357015984,0.0,0.0,0.0,0.0,0.0,0,0,0,0,1,1,0,0,1.0,0.0,0.0,0.0,32,0,0,0,0,0,0,1,0,1,0,513,1595,0,32,0,0,0,0,0,0,0,0,BENIGN
172.217.10.106-10.42.0.42-443-54882-6,172.217.10.106,443,10.42.0.42,54882,6,11/08/2017 10:08:57,2216,1,1,0.0,0.0,0.0,0.0,0.0,0.0,0.0,0.0,0.0,0.0,0.0,902.5270758122743,2216.0,0.0,2216.0,2216.0,0,0,0,0,0,0,0,0,0,0,0,0,0,0,32,32,451.2635379061372,451.2635379061372,0.0,0.0,0.0,0.0,0.0,0,0,0,0,1,1,0,0,1.0,0.0,0.0,0.0,32,0,0,0,0,0,0,1,0,1,0,242,4123,0,32,0,0,0,0,0,0,0,0,BENIGN
10.42.0.1-10.42.0.42-53-21446-17,10.42.0.42,21446,10.42.0.1,53,17,11/08/2017 10:10:35,32007,1,1,32.0,48.0,32.0,32.0,32.0,0.0,48.0,48.0,48.0,0.0,2499.453244602743,62.48633111506858,32007.0,0.0,32007.0,32007.0,0,0,0,0,0,0,0,0,0,0,0,0,0,0,20,20,31.24316555753429,31.24316555753429,32.0,48.0,37.333333333333336,9.237604307034012,85.33333333333333,0,0,0,0,0,0,0,0,1.0,56.0,32.0,48.0,20,0,0,0,0,0,0,1,32,1,48,-1,-1,0,20,0,0,0,0,0,0,0,0,BENIGN
10.42.0.42-116.55.241.183-43574-80-6,10.42.0.42,43574,116.55.241.183,80,6,11/08/2017 10:12:41,251326,2,0,0.0,0.0,0.0,0.0,0.0,0.0,0,0,0,0,0.0,7.9577918719113825,251326.0,0.0,251326.0,251326.0,251326.0,251326.0,0.0,251326.0,251326.0,0,0,0,0,0,0,0,0,0,40,0,7.9577918719113825,0.0,0.0,0.0,0.0,0.0,0.0,0,0,0,0,1,1,0,0,0.0,0.0,0.0,0.0,40,0,0,0,0,0,0,2,0,0,0,31,-1,0,20,0,0,0,0,0,0,0,0,BENIGN
172.217.10.78-10.42.0.42-443-48561-6,172.217.10.78,443,10.42.0.42,48561,6,11/08/2017 10:10:49,4155,1,1,0.0,0.0,0.0,0.0,0.0,0.0,0.0,0.0,0.0,0.0,0.0,481.34777376654637,4155.0,0.0,4155.0,4155.0,0,0,0,0,0,0,0,0,0,0,0,0,0,0,32,32,240.67388688327318,240.67388688327318,0.0,0.0,0.0,0.0,0.0,0,0,0,0,1,0,0,0,1.0,0.0,0.0,0.0,32,0,0,0,0,0,0,1,0,1,0,175,1419,0,32,0,0,0,0,0,0,0,0,BENIGN
10.42.0.1-10.42.0.42-53-34278-17,10.42.0.42,34278,10.42.0.1,53,17,11/08/2017 09:46:05,31208,1,1,37.0,53.0,37.0,37.0,37.0,0.0,53.0,53.0,53.0,0.0,2883.875929248911,64.0861317610869,31208.0,0.0,31208.0,31208.0,0,0,0,0,0,0,0,0,0,0,0,0,0,0,32,32,32.04306588054345,32.04306588054345,37.0,53.0,42.333333333333336,9.237604307034012,85.33333333333333,0,0,0,0,0,0,0,0,1.0,63.5,37.0,53.0,32,0,0,0,0,0,0,1,37,1,53,-1,-1,0,32,0,0,0,0,0,0,0,0,BENIGN
172.217.10.238-10.42.0.42-443-39427-6,172.217.10.238,443,10.42.0.42,39427,6,11/08/2017 10:08:51,4301,1,1,0.0,0.0,0.0,0.0,0.0,0.0,0.0,0.0,0.0,0.0,0.0,465.0081376424087,4301.0,0.0,4301.0,4301.0,0,0,0,0,0,0,0,0,0,0,0,0,0,0,32,32,232.50406882120436,232.50406882120436,0.0,0.0,0.0,0.0,0.0,0,0,0,0,1,1,0,0,1.0,0.0,0.0,0.0,32,0,0,0,0,0,0,1,0,1,0,175,1594,0,32,0,0,0,0,0,0,0,0,BENIGN
10.42.0.1-10.42.0.42-53-29486-17,10.42.0.42,29486,10.42.0.1,53,17,11/08/2017 10:10:37,706585,1,1,37.0,109.0,37.0,37.0,37.0,0.0,109.0,109.0,109.0,0.0,206.62765272401762,2.8305157907399674,706585.0,0.0,706585.0,706585.0,0,0,0,0,0,0,0,0,0,0,0,0,0,0,32,32,1.4152578953699837,1.4152578953699837,37.0,109.0,61.0,41.569219381653056,1728.0,0,0,0,0,0,0,0,0,1.0,91.5,37.0,109.0,32,0,0,0,0,0,0,1,37,1,109,-1,-1,0,32,0,0,0,0,0,0,0,0,BENIGN
10.42.0.1-10.42.0.42-53-12020-17,10.42.0.42,12020,10.42.0.1,53,17,11/08/2017 10:10:34,843435,1,1,30.0,179.0,30.0,30.0,30.0,0.0,179.0,179.0,179.0,0.0,247.7962142903721,2.3712556391423165,843435.0,0.0,843435.0,843435.0,0,0,0,0,0,0,0,0,0,0,0,0,0,0,32,32,1.1856278195711583,1.1856278195711583,30.0,179.0,79.66666666666666,86.02519010925424,7400.333333333333,0,0,0,0,0,0,0,0,1.0,119.5,30.0,179.0,32,0,0,0,0,0,0,1,30,1,179,-1,-1,0,32,0,0,0,0,0,0,0,0,BENIGN
157.56.52.23-10.42.0.42-40033-56535-6,157.56.52.23,40033,10.42.0.42,56535,6,11/08/2017 10:09:26,2536,1,1,0.0,0.0,0.0,0.0,0.0,0.0,0.0,0.0,0.0,0.0,0.0,788.6435331230284,2536.0,0.0,2536.0,2536.0,0,0,0,0,0,0,0,0,0,0,0,0,0,0,32,32,394.3217665615142,394.3217665615142,0.0,0.0,0.0,0.0,0.0,0,0,0,0,1,1,0,0,1.0,0.0,0.0,0.0,32,0,0,0,0,0,0,1,0,1,0,33,1431,0,32,0,0,0,0,0,0,0,0,BENIGN
10.42.0.1-10.42.0.42-53-44365-17,10.42.0.42,44365,10.42.0.1,53,17,11/08/2017 10:10:35,167339,1,1,30.0,118.0,30.0,30.0,30.0,0.0,118.0,118.0,118.0,0.0,884.4322005031703,11.951786493286084,167339.0,0.0,167339.0,167339.0,0,0,0,0,0,0,0,0,0,0,0,0,0,0,20,20,5.975893246643042,5.975893246643042,30.0,118.0,59.33333333333333,50.80682368868706,2581.333333333333,0,0,0,0,0,0,0,0,1.0,89.0,30.0,118.0,20,0,0,0,0,0,0,1,30,1,118,-1,-1,0,20,0,0,0,0,0,0,0,0,BENIGN
10.42.0.1-10.42.0.42-53-1043-17,10.42.0.42,1043,10.42.0.1,53,17,11/08/2017 10:10:49,363275,1,1,31.0,105.0,31.0,31.0,31.0,0.0,105.0,105.0,105.0,0.0,374.3720322070057,5.5054710618677305,363275.0,0.0,363275.0,363275.0,0,0,0,0,0,0,0,0,0,0,0,0,0,0,24,32,2.7527355309338652,2.7527355309338652,31.0,105.0,55.66666666666667,42.72391992003231,1825.3333333333335,0,0,0,0,0,0,0,0,1.0,83.5,31.0,105.0,24,0,0,0,0,0,0,1,31,1,105,-1,-1,0,24,0,0,0,0,0,0,0,0,BENIGN
239.255.255.250-10.42.0.42-1900-38312-17,10.42.0.42,38312,239.255.255.250,1900,17,11/08/2017 10:09:21,808,4,0,530.0,0.0,133.0,132.0,132.5,0.577350269189623,0,0,0,0,655940.594059406,4950.495049504951,269.3333333333333,421.5084024468947,756.0,20.0,808.0,269.3333333333333,421.5084024468947,756.0,20.0,0,0,0,0,0,0,0,0,0,128,0,4950.495049504951,0.0,132.0,133.0,132.6,0.5477225575051661,0.3,0,0,0,0,0,0,0,0,0.0,165.75,132.5,0.0,128,0,0,0,0,0,0,4,530,0,0,-1,-1,3,32,0,0,0,0,0,0,0,0,BENIGN
10.42.0.42-23.206.125.17-40968-80-6,10.42.0.42,40968,23.206.125.17,80,6,11/08/2017 10:18:55,42247,2,0,0.0,0.0,0.0,0.0,0.0,0.0,0,0,0,0,0.0,47.340639572040615,42247.0,0.0,42247.0,42247.0,42247.0,42247.0,0.0,42247.0,42247.0,0,0,0,0,0,0,0,0,0,64,0,47.340639572040615,0.0,0.0,0.0,0.0,0.0,0.0,0,0,0,0,1,1,0,0,0.0,0.0,0.0,0.0,64,0,0,0,0,0,0,2,0,0,0,972,-1,0,32,0,0,0,0,0,0,0,0,BENIGN
172.217.10.106-10.42.0.42-443-49271-6,172.217.10.106,443,10.42.0.42,49271,6,11/08/2017 10:08:27,3430,1,1,0.0,0.0,0.0,0.0,0.0,0.0,0.0,0.0,0.0,0.0,0.0,583.0903790087464,3430.0,0.0,3430.0,3430.0,0,0,0,0,0,0,0,0,0,0,0,0,0,0,32,32,291.5451895043732,291.5451895043732,0.0,0.0,0.0,0.0,0.0,0,0,0,0,1,1,0,0,1.0,0.0,0.0,0.0,32,0,0,0,0,0,0,1,0,1,0,181,1681,0,32,0,0,0,0,0,0,0,0,BENIGN
208.80.154.224-10.42.0.42-443-53506-6,10.42.0.42,53506,208.80.154.224,443,6,11/08/2017 09:45:13,65482131,7,8,290.0,4995.0,205.0,0.0,41.42857142857143,78.7778673292974,1448.0,0.0,624.3749999999999,704.6922200507112,80.70904106648577,0.22907012601651588,4677295.071428572,1.74585196021529E7,6.5335089E7,3.0,6.5482131E7,1.09136885E7,2.6660942695283808E7,6.5335089E7,484.0,79950.0,11421.42857142857,19944.875656478303,48418.0,3.0,0,0,0,0,232,264,0.10689939214104074,0.12217073387547514,0.0,1448.0,330.31250000000006,571.456585548427,326562.62916666665,0,0,0,1,0,0,0,0,1.0,352.3333333333333,41.42857142857143,624.375,232,0,0,0,0,0,0,7,290,8,4995,65535,59,2,32,147042.0,0.0,147042.0,147042.0,6.5335089E7,0.0,6.5335089E7,6.5335089E7,BENIGN
172.217.10.106-10.42.0.42-443-54293-6,10.42.0.42,54293,172.217.10.106,443,6,11/08/2017 10:14:49,41514,2,0,0.0,0.0,0.0,0.0,0.0,0.0,0,0,0,0,0.0,48.17651876475406,41514.0,0.0,41514.0,41514.0,41514.0,41514.0,0.0,41514.0,41514.0,0,0,0,0,0,0,0,0,0,64,0,48.17651876475406,0.0,0.0,0.0,0.0,0.0,0.0,0,0,0,0,1,1,0,0,0.0,0.0,0.0,0.0,64,0,0,0,0,0,0,2,0,0,0,181,-1,0,32,0,0,0,0,0,0,0,0,BENIGN
10.42.0.1-10.42.0.42-53-29062-17,10.42.0.42,29062,10.42.0.1,53,17,11/08/2017 10:08:29,1398,1,1,44.0,84.0,44.0,44.0,44.0,0.0,84.0,84.0,84.0,0.0,91559.37052932761,1430.615164520744,1398.0,0.0,1398.0,1398.0,0,0,0,0,0,0,0,0,0,0,0,0,0,0,32,32,715.307582260372,715.307582260372,44.0,84.0,57.333333333333336,23.094010767585033,533.3333333333334,0,0,0,0,0,0,0,0,1.0,86.0,44.0,84.0,32,0,0,0,0,0,0,1,44,1,84,-1,-1,0,32,0,0,0,0,0,0,0,0,BENIGN
172.217.10.106-10.42.0.42-443-49449-6,10.42.0.42,49449,172.217.10.106,443,6,11/08/2017 10:13:26,71451,2,0,0.0,0.0,0.0,0.0,0.0,0.0,0,0,0,0,0.0,27.991210759821417,71451.0,0.0,71451.0,71451.0,71451.0,71451.0,0.0,71451.0,71451.0,0,0,0,0,0,0,0,0,0,64,0,27.991210759821417,0.0,0.0,0.0,0.0,0.0,0.0,0,0,0,0,1,1,0,0,0.0,0.0,0.0,0.0,64,0,0,0,0,0,0,2,0,0,0,234,-1,0,32,0,0,0,0,0,0,0,0,BENIGN
216.164.62.215-10.42.0.42-63084-46360-17,10.42.0.42,46360,216.164.62.215,63084,17,11/08/2017 10:08:49,246567,5,5,90.0,130.0,18.0,18.0,18.0,0.0,26.0,26.0,26.0,0.0,892.2524100954304,40.55692773161047,27396.333333333332,22304.509151738803,54631.0,2623.0,207373.0,51843.25,6721.465830952849,59111.0,43255.0,191936.0,47984.0,6133.608508319824,56371.0,41745.0,0,0,0,0,160,160,20.278463865805236,20.278463865805236,18.0,26.0,21.63636363636364,4.177863742936748,17.454545454545453,0,0,0,0,0,0,0,0,1.0,23.8,18.0,26.0,160,0,0,0,0,0,0,5,90,5,130,-1,-1,4,32,0,0,0,0,0,0,0,0,BENIGN
10.42.0.1-10.42.0.42-53-59603-17,10.42.0.42,59603,10.42.0.1,53,17,11/08/2017 10:10:45,31704,1,1,42.0,106.0,42.0,42.0,42.0,0.0,106.0,106.0,106.0,0.0,4668.18067120868,63.08352258390108,31704.0,0.0,31704.0,31704.0,0,0,0,0,0,0,0,0,0,0,0,0,0,0,20,32,31.54176129195054,31.54176129195054,42.0,106.0,63.33333333333333,36.95041722813605,1365.3333333333333,0,0,0,0,0,0,0,0,1.0,95.0,42.0,106.0,20,0,0,0,0,0,0,1,42,1,106,-1,-1,0,20,0,0,0,0,0,0,0,0,BENIGN
10.42.0.42-119.146.74.49-53853-443-6,10.42.0.42,53853,119.146.74.49,443,6,11/08/2017 10:10:52,12413244,10,8,333.0,4254.0,207.0,0.0,33.3,72.75231955065075,1340.0,0.0,531.75,672.088801530614,369.52467864161855,1.450064141170511,730190.8235294118,2441637.84247578,1.0096554E7,168.0,1.2413244E7,1379249.3333333333,3304638.9242413836,1.0096554E7,629.0,2037081.0,291011.5714285714,558650.4020398497,1540052.0,168.0,0,0,0,0,232,184,0.8055911895391727,0.6444729516313382,0.0,1340.0,241.42105263157893,493.0243757540993,243073.0350877193,0,0,0,1,0,0,0,0,0.0,254.83333333333334,33.3,531.75,232,0,0,0,0,0,0,10,333,8,4254,65535,4380,2,20,2316690.0,0.0,2316690.0,2316690.0,1.0096554E7,0.0,1.0096554E7,1.0096554E7,BENIGN
10.42.0.42-104.192.110.245-55608-80-6,104.192.110.245,80,10.42.0.42,55608,6,11/08/2017 10:10:53,2841,1,1,0.0,0.0,0.0,0.0,0.0,0.0,0.0,0.0,0.0,0.0,0.0,703.9774727208729,2841.0,0.0,2841.0,2841.0,0,0,0,0,0,0,0,0,0,0,0,0,0,0,20,20,351.98873636043646,351.98873636043646,0.0,0.0,0.0,0.0,0.0,0,0,0,0,1,1,0,0,1.0,0.0,0.0,0.0,20,0,0,0,0,0,0,1,0,1,0,29,1369,0,20,0,0,0,0,0,0,0,0,BENIGN
10.42.0.1-10.42.0.42-53-21070-17,10.42.0.42,21070,10.42.0.1,53,17,11/08/2017 10:10:37,31429,1,1,35.0,355.0,35.0,35.0,35.0,0.0,355.0,355.0,355.0,0.0,12408.92169652232,63.63549587960164,31429.0,0.0,31429.0,31429.0,0,0,0,0,0,0,0,0,0,0,0,0,0,0,40,40,31.81774793980082,31.81774793980082,35.0,355.0,141.66666666666669,184.75208614068026,34133.333333333336,0,0,0,0,0,0,0,0,1.0,212.5,35.0,355.0,40,0,0,0,0,0,0,1,35,1,355,-1,-1,0,40,0,0,0,0,0,0,0,0,BENIGN
10.42.0.42-66.231.239.96-59256-80-6,10.42.0.42,59256,66.231.239.96,80,6,11/08/2017 10:12:54,43030,2,0,0.0,0.0,0.0,0.0,0.0,0.0,0,0,0,0,0.0,46.47920055775041,43030.0,0.0,43030.0,43030.0,43030.0,43030.0,0.0,43030.0,43030.0,0,0,0,0,0,0,0,0,0,40,0,46.47920055775041,0.0,0.0,0.0,0.0,0.0,0.0,0,0,0,0,1,1,0,0,0.0,0.0,0.0,0.0,40,0,0,0,0,0,0,2,0,0,0,33,-1,0,20,0,0,0,0,0,0,0,0,BENIGN
158.69.201.177-10.42.0.42-123-39750-17,10.42.0.42,39750,158.69.201.177,123,17,11/08/2017 10:08:24,16773,1,1,48.0,48.0,48.0,48.0,48.0,0.0,48.0,48.0,48.0,0.0,5723.48417098909,119.23925356227271,16773.0,0.0,16773.0,16773.0,0,0,0,0,0,0,0,0,0,0,0,0,0,0,40,40,59.619626781136354,59.619626781136354,48.0,48.0,48.0,0.0,0.0,0,0,0,0,0,0,0,0,1.0,72.0,48.0,48.0,40,0,0,0,0,0,0,1,48,1,48,-1,-1,0,40,0,0,0,0,0,0,0,0,BENIGN
203.130.53.126-10.42.0.42-80-39419-6,203.130.53.126,80,10.42.0.42,39419,6,11/08/2017 10:10:46,2129,1,1,0.0,0.0,0.0,0.0,0.0,0.0,0.0,0.0,0.0,0.0,0.0,939.4081728511039,2129.0,0.0,2129.0,2129.0,0,0,0,0,0,0,0,0,0,0,0,0,0,0,20,20,469.70408642555196,469.70408642555196,0.0,0.0,0.0,0.0,0.0,0,0,0,0,1,1,0,0,1.0,0.0,0.0,0.0,20,0,0,0,0,0,0,1,0,1,0,58,1369,0,20,0,0,0,0,0,0,0,0,BENIGN
219.142.78.162-10.42.0.42-80-52870-6,10.42.0.42,52870,219.142.78.162,80,6,11/08/2017 10:10:39,257332,1,1,0.0,0.0,0.0,0.0,0.0,0.0,0.0,0.0,0.0,0.0,0.0,7.77206099513469,257332.0,0.0,257332.0,257332.0,0,0,0,0,0,0,0,0,0,0,0,0,0,0,20,20,3.886030497567345,3.886030497567345,0.0,0.0,0.0,0.0,0.0,0,0,0,0,1,1,0,0,1.0,0.0,0.0,0.0,20,0,0,0,0,0,0,1,0,1,0,1386,125,0,20,0,0,0,0,0,0,0,0,BENIGN
10.42.0.1-10.42.0.42-53-40208-17,10.42.0.42,40208,10.42.0.1,53,17,11/08/2017 10:10:35,1933,1,1,31.0,225.0,31.0,31.0,31.0,0.0,225.0,225.0,225.0,0.0,132436.62700465598,1034.6611484738748,1933.0,0.0,1933.0,1933.0,0,0,0,0,0,0,0,0,0,0,0,0,0,0,20,32,517.3305742369374,517.3305742369374,31.0,225.0,95.66666666666667,112.0059522227874,12545.333333333334,0,0,0,0,0,0,0,0,1.0,143.5,31.0,225.0,20,0,0,0,0,0,0,1,31,1,225,-1,-1,0,20,0,0,0,0,0,0,0,0,BENIGN
10.42.0.1-10.42.0.42-53-47127-17,10.42.0.42,47127,10.42.0.1,53,17,11/08/2017 10:10:36,61718,1,1,30.0,179.0,30.0,30.0,30.0,0.0,179.0,179.0,179.0,0.0,3386.3702647525843,32.4054570789721,61718.0,0.0,61718.0,61718.0,0,0,0,0,0,0,0,0,0,0,0,0,0,0,20,20,16.20272853948605,16.20272853948605,30.0,179.0,79.66666666666666,86.02519010925424,7400.333333333333,0,0,0,0,0,0,0,0,1.0,119.5,30.0,179.0,20,0,0,0,0,0,0,1,30,1,179,-1,-1,0,20,0,0,0,0,0,0,0,0,BENIGN
10.42.0.1-10.42.0.42-53-45840-17,10.42.0.42,45840,10.42.0.1,53,17,11/08/2017 10:10:45,355328,1,1,32.0,104.0,32.0,32.0,32.0,0.0,104.0,104.0,104.0,0.0,382.7449567723343,5.628602305475504,355328.0,0.0,355328.0,355328.0,0,0,0,0,0,0,0,0,0,0,0,0,0,0,20,32,2.814301152737752,2.814301152737752,32.0,104.0,56.0,41.569219381653056,1728.0,0,0,0,0,0,0,0,0,1.0,84.0,32.0,104.0,20,0,0,0,0,0,0,1,32,1,104,-1,-1,0,20,0,0,0,0,0,0,0,0,BENIGN
10.42.0.1-10.42.0.42-53-55423-17,10.42.0.42,55423,10.42.0.1,53,17,11/08/2017 10:10:42,353783,1,1,39.0,55.0,39.0,39.0,39.0,0.0,55.0,55.0,55.0,0.0,265.69959551476467,5.653182883292866,353783.0,0.0,353783.0,353783.0,0,0,0,0,0,0,0,0,0,0,0,0,0,0,20,20,2.826591441646433,2.826591441646433,39.0,55.0,44.333333333333336,9.237604307034012,85.33333333333333,0,0,0,0,0,0,0,0,1.0,66.5,39.0,55.0,20,0,0,0,0,0,0,1,39,1,55,-1,-1,0,20,0,0,0,0,0,0,0,0,BENIGN
10.42.0.42-23.206.125.17-40981-80-6,10.42.0.42,40981,23.206.125.17,80,6,11/08/2017 10:18:56,168044,2,0,0.0,0.0,0.0,0.0,0.0,0.0,0,0,0,0,0.0,11.90164480731237,168044.0,0.0,168044.0,168044.0,168044.0,168044.0,0.0,168044.0,168044.0,0,0,0,0,0,0,0,0,0,64,0,11.90164480731237,0.0,0.0,0.0,0.0,0.0,0.0,0,0,0,0,1,1,0,0,0.0,0.0,0.0,0.0,64,0,0,0,0,0,0,2,0,0,0,939,-1,0,32,0,0,0,0,0,0,0,0,BENIGN
10.42.0.1-10.42.0.42-53-51382-17,10.42.0.42,51382,10.42.0.1,53,17,11/08/2017 10:10:42,62234,1,1,35.0,114.0,35.0,35.0,35.0,0.0,114.0,114.0,114.0,0.0,2394.189671240801,32.13677411061478,62234.0,0.0,62234.0,62234.0,0,0,0,0,0,0,0,0,0,0,0,0,0,0,20,20,16.06838705530739,16.06838705530739,35.0,114.0,61.33333333333333,45.61067126598043,2080.333333333333,0,0,0,0,0,0,0,0,1.0,92.0,35.0,114.0,20,0,0,0,0,0,0,1,35,1,114,-1,-1,0,20,0,0,0,0,0,0,0,0,BENIGN
219.142.78.162-10.42.0.42-443-50017-6,10.42.0.42,50017,219.142.78.162,443,6,11/08/2017 10:11:10,32389,2,0,0.0,0.0,0.0,0.0,0.0,0.0,0,0,0,0,0.0,61.74935935039674,32389.0,0.0,32389.0,32389.0,32389.0,32389.0,0.0,32389.0,32389.0,0,0,0,0,0,0,0,0,0,40,0,61.74935935039674,0.0,0.0,0.0,0.0,0.0,0.0,0,0,0,0,1,0,0,0,0.0,0.0,0.0,0.0,40,0,0,0,0,0,0,2,0,0,0,1552,-1,0,20,0,0,0,0,0,0,0,0,BENIGN
10.42.0.42-111.221.77.165-46360-40015-17,10.42.0.42,46360,111.221.77.165,40015,17,11/08/2017 10:08:49,227798,1,1,22.0,98.0,22.0,22.0,22.0,0.0,98.0,98.0,98.0,0.0,526.7825002853406,8.779708338089009,227798.0,0.0,227798.0,227798.0,0,0,0,0,0,0,0,0,0,0,0,0,0,0,32,32,4.389854169044504,4.389854169044504,22.0,98.0,47.33333333333333,43.878620458411554,1925.3333333333333,0,0,0,0,0,0,0,0,1.0,71.0,22.0,98.0,32,0,0,0,0,0,0,1,22,1,98,-1,-1,0,32,0,0,0,0,0,0,0,0,BENIGN
10.42.0.1-10.42.0.42-53-62866-17,10.42.0.42,62866,10.42.0.1,53,17,11/08/2017 10:10:45,1301792,1,1,35.0,147.0,35.0,35.0,35.0,0.0,147.0,147.0,147.0,0.0,139.80728104028907,1.5363437476954842,1301792.0,0.0,1301792.0,1301792.0,0,0,0,0,0,0,0,0,0,0,0,0,0,0,40,40,0.7681718738477421,0.7681718738477421,35.0,147.0,72.33333333333334,64.66323014923809,4181.333333333334,0,0,0,0,0,0,0,0,1.0,108.5,35.0,147.0,40,0,0,0,0,0,0,1,35,1,147,-1,-1,0,40,0,0,0,0,0,0,0,0,BENIGN
10.42.0.42-116.55.241.183-43575-80-6,116.55.241.183,80,10.42.0.42,43575,6,11/08/2017 10:10:51,6463,1,1,0.0,0.0,0.0,0.0,0.0,0.0,0.0,0.0,0.0,0.0,0.0,309.4538140182578,6463.0,0.0,6463.0,6463.0,0,0,0,0,0,0,0,0,0,0,0,0,0,0,20,20,154.7269070091289,154.7269070091289,0.0,0.0,0.0,0.0,0.0,0,0,0,0,1,1,0,0,1.0,0.0,0.0,0.0,20,0,0,0,0,0,0,1,0,1,0,29,1369,0,20,0,0,0,0,0,0,0,0,BENIGN
10.42.0.1-10.42.0.42-53-57868-17,10.42.0.42,57868,10.42.0.1,53,17,11/08/2017 09:49:30,1297,1,1,53.0,311.0,53.0,53.0,53.0,0.0,311.0,311.0,311.0,0.0,280647.64841942943,1542.0200462606015,1297.0,0.0,1297.0,1297.0,0,0,0,0,0,0,0,0,0,0,0,0,0,0,44,32,771.0100231303007,771.0100231303007,53.0,311.0,139.0,148.95636945092346,22188.0,0,0,0,0,0,0,0,0,1.0,208.5,53.0,311.0,44,0,0,0,0,0,0,1,53,1,311,-1,-1,0,44,0,0,0,0,0,0,0,0,BENIGN
10.42.0.1-10.42.0.42-53-4447-17,10.42.0.42,4447,10.42.0.1,53,17,11/08/2017 10:10:35,63075,1,1,31.0,225.0,31.0,31.0,31.0,0.0,225.0,225.0,225.0,0.0,4058.6603250099083,31.70828378913991,63075.0,0.0,63075.0,63075.0,0,0,0,0,0,0,0,0,0,0,0,0,0,0,32,32,15.854141894569954,15.854141894569954,31.0,225.0,95.66666666666667,112.0059522227874,12545.333333333334,0,0,0,0,0,0,0,0,1.0,143.5,31.0,225.0,32,0,0,0,0,0,0,1,31,1,225,-1,-1,0,32,0,0,0,0,0,0,0,0,BENIGN
10.42.0.1-10.42.0.42-53-62899-17,10.42.0.42,62899,10.42.0.1,53,17,11/08/2017 10:08:48,124303,1,1,51.0,153.0,51.0,51.0,51.0,0.0,153.0,153.0,153.0,0.0,1641.151058301087,16.089716257853794,124303.0,0.0,124303.0,124303.0,0,0,0,0,0,0,0,0,0,0,0,0,0,0,40,32,8.044858128926897,8.044858128926897,51.0,153.0,85.0,58.88972745734183,3468.0,0,0,0,0,0,0,0,0,1.0,127.5,51.0,153.0,40,0,0,0,0,0,0,1,51,1,153,-1,-1,0,40,0,0,0,0,0,0,0,0,BENIGN
10.42.0.42-123.125.29.220-42306-80-6,10.42.0.42,42306,123.125.29.220,80,6,11/08/2017 10:10:42,298659,1,1,0.0,0.0,0.0,0.0,0.0,0.0,0.0,0.0,0.0,0.0,0.0,6.6966004707710125,298659.0,0.0,298659.0,298659.0,0,0,0,0,0,0,0,0,0,0,0,0,0,0,20,20,3.3483002353855063,3.3483002353855063,0.0,0.0,0.0,0.0,0.0,0,0,0,0,1,1,0,0,1.0,0.0,0.0,0.0,20,0,0,0,0,0,0,1,0,1,0,1386,137,0,20,0,0,0,0,0,0,0,0,BENIGN
10.42.0.1-10.42.0.42-53-7036-17,10.42.0.42,7036,10.42.0.1,53,17,11/08/2017 10:10:41,97233,1,1,35.0,371.0,35.0,35.0,35.0,0.0,371.0,371.0,371.0,0.0,4175.537111885882,20.569148334413214,97233.0,0.0,97233.0,97233.0,0,0,0,0,0,0,0,0,0,0,0,0,0,0,20,32,10.284574167206607,10.284574167206607,35.0,371.0,147.0,193.98969044771425,37632.0,0,0,0,0,0,0,0,0,1.0,220.5,35.0,371.0,20,0,0,0,0,0,0,1,35,1,371,-1,-1,0,20,0,0,0,0,0,0,0,0,BENIGN
217.225.173.68-10.42.0.42-30855-46360-17,10.42.0.42,46360,217.225.173.68,30855,17,11/08/2017 10:08:49,121806,1,1,18.0,26.0,18.0,18.0,18.0,0.0,26.0,26.0,26.0,0.0,361.2301528660329,16.419552403001493,121806.0,0.0,121806.0,121806.0,0,0,0,0,0,0,0,0,0,0,0,0,0,0,32,32,8.209776201500746,8.209776201500746,18.0,26.0,20.666666666666668,4.618802153517006,21.333333333333332,0,0,0,0,0,0,0,0,1.0,31.0,18.0,26.0,32,0,0,0,0,0,0,1,18,1,26,-1,-1,0,32,0,0,0,0,0,0,0,0,BENIGN
10.42.0.1-10.42.0.42-53-52879-17,10.42.0.42,52879,10.42.0.1,53,17,11/08/2017 10:09:26,31916,1,1,30.0,75.0,30.0,30.0,30.0,0.0,75.0,75.0,75.0,0.0,3289.8859506203785,62.66449429753102,31916.0,0.0,31916.0,31916.0,0,0,0,0,0,0,0,0,0,0,0,0,0,0,32,32,31.33224714876551,31.33224714876551,30.0,75.0,45.0,25.98076211353316,675.0,0,0,0,0,0,0,0,0,1.0,67.5,30.0,75.0,32,0,0,0,0,0,0,1,30,1,75,-1,-1,0,32,0,0,0,0,0,0,0,0,BENIGN
180.149.136.247-10.42.0.42-80-44205-6,10.42.0.42,44205,180.149.136.247,80,6,11/08/2017 10:10:47,270055,1,1,0.0,0.0,0.0,0.0,0.0,0.0,0.0,0.0,0.0,0.0,0.0,7.40589879839292,270055.0,0.0,270055.0,270055.0,0,0,0,0,0,0,0,0,0,0,0,0,0,0,20,20,3.70294939919646,3.70294939919646,0.0,0.0,0.0,0.0,0.0,0,0,0,0,1,1,0,0,1.0,0.0,0.0,0.0,20,0,0,0,0,0,0,1,0,1,0,1386,124,0,20,0,0,0,0,0,0,0,0,BENIGN
172.217.10.106-10.42.0.42-443-53528-6,172.217.10.106,443,10.42.0.42,53528,6,11/08/2017 10:09:37,2191,1,1,0.0,0.0,0.0,0.0,0.0,0.0,0.0,0.0,0.0,0.0,0.0,912.8251939753538,2191.0,0.0,2191.0,2191.0,0,0,0,0,0,0,0,0,0,0,0,0,0,0,32,32,456.4125969876769,456.4125969876769,0.0,0.0,0.0,0.0,0.0,0,0,0,0,1,1,0,0,1.0,0.0,0.0,0.0,32,0,0,0,0,0,0,1,0,1,0,170,1548,0,32,0,0,0,0,0,0,0,0,BENIGN
10.42.0.1-10.42.0.42-53-27294-17,10.42.0.42,27294,10.42.0.1,53,17,11/08/2017 10:08:56,24881,1,1,36.0,224.0,36.0,36.0,36.0,0.0,224.0,224.0,224.0,0.0,10449.740766046381,80.38262127727985,24881.0,0.0,24881.0,24881.0,0,0,0,0,0,0,0,0,0,0,0,0,0,0,32,32,40.191310638639926,40.191310638639926,36.0,224.0,98.66666666666666,108.54185060764964,11781.333333333332,0,0,0,0,0,0,0,0,1.0,148.0,36.0,224.0,32,0,0,0,0,0,0,1,36,1,224,-1,-1,0,32,0,0,0,0,0,0,0,0,BENIGN
10.42.0.42-14.29.93.243-34823-80-6,10.42.0.42,34823,14.29.93.243,80,6,11/08/2017 10:16:00,120374,2,0,0.0,0.0,0.0,0.0,0.0,0.0,0,0,0,0,0.0,16.614883612740293,120374.0,0.0,120374.0,120374.0,120374.0,120374.0,0.0,120374.0,120374.0,0,0,0,0,0,0,0,0,0,40,0,16.614883612740293,0.0,0.0,0.0,0.0,0.0,0.0,0,0,0,0,1,1,0,0,0.0,0.0,0.0,0.0,40,0,0,0,0,0,0,2,0,0,0,8190,-1,0,20,0,0,0,0,0,0,0,0,BENIGN
10.42.0.1-10.42.0.42-53-41121-17,10.42.0.42,41121,10.42.0.1,53,17,11/08/2017 10:09:26,31845,1,1,42.0,58.0,42.0,42.0,42.0,0.0,58.0,58.0,58.0,0.0,3140.210394096405,62.80420788192809,31845.0,0.0,31845.0,31845.0,0,0,0,0,0,0,0,0,0,0,0,0,0,0,32,32,31.402103940964047,31.402103940964047,42.0,58.0,47.333333333333336,9.237604307034012,85.33333333333333,0,0,0,0,0,0,0,0,1.0,71.0,42.0,58.0,32,0,0,0,0,0,0,1,42,1,58,-1,-1,0,32,0,0,0,0,0,0,0,0,BENIGN
10.42.0.1-10.42.0.42-53-27739-17,10.42.0.42,27739,10.42.0.1,53,17,11/08/2017 10:10:52,940023,1,1,36.0,159.0,36.0,36.0,36.0,0.0,159.0,159.0,159.0,0.0,207.4417328086653,2.127607515986311,940023.0,0.0,940023.0,940023.0,0,0,0,0,0,0,0,0,0,0,0,0,0,0,20,20,1.0638037579931554,1.0638037579931554,36.0,159.0,77.0,71.01408311032397,5043.0,0,0,0,0,0,0,0,0,1.0,115.5,36.0,159.0,20,0,0,0,0,0,0,1,36,1,159,-1,-1,0,20,0,0,0,0,0,0,0,0,BENIGN
10.42.0.1-10.42.0.42-53-54717-17,10.42.0.42,54717,10.42.0.1,53,17,11/08/2017 10:10:36,31264,1,1,34.0,179.0,34.0,34.0,34.0,0.0,179.0,179.0,179.0,0.0,6812.947799385875,63.97134083930399,31264.0,0.0,31264.0,31264.0,0,0,0,0,0,0,0,0,0,0,0,0,0,0,20,20,31.985670419651996,31.985670419651996,34.0,179.0,82.33333333333334,83.71578903249574,7008.333333333334,0,0,0,0,0,0,0,0,1.0,123.5,34.0,179.0,20,0,0,0,0,0,0,1,34,1,179,-1,-1,0,20,0,0,0,0,0,0,0,0,BENIGN
10.42.0.1-10.42.0.42-53-6868-17,10.42.0.42,6868,10.42.0.1,53,17,11/08/2017 10:10:35,31390,1,1,32.0,217.0,32.0,32.0,32.0,0.0,217.0,217.0,217.0,0.0,7932.462567696718,63.71455877668047,31390.0,0.0,31390.0,31390.0,0,0,0,0,0,0,0,0,0,0,0,0,0,0,20,32,31.857279388340235,31.857279388340235,32.0,217.0,93.66666666666666,106.80979980008077,11408.333333333332,0,0,0,0,0,0,0,0,1.0,140.5,32.0,217.0,20,0,0,0,0,0,0,1,32,1,217,-1,-1,0,20,0,0,0,0,0,0,0,0,BENIGN
172.217.10.238-10.42.0.42-80-34371-6,10.42.0.42,34371,172.217.10.238,80,6,11/08/2017 10:12:46,36375,2,0,0.0,0.0,0.0,0.0,0.0,0.0,0,0,0,0,0.0,54.98281786941581,36375.0,0.0,36375.0,36375.0,36375.0,36375.0,0.0,36375.0,36375.0,0,0,0,0,0,0,0,0,0,64,0,54.98281786941581,0.0,0.0,0.0,0.0,0.0,0.0,0,0,0,0,1,1,0,0,0.0,0.0,0.0,0.0,64,0,0,0,0,0,0,2,0,0,0,170,-1,0,32,0,0,0,0,0,0,0,0,BENIGN
10.42.0.1-10.42.0.42-53-22775-17,10.42.0.42,22775,10.42.0.1,53,17,11/08/2017 10:08:48,61657,1,1,50.0,132.0,50.0,50.0,50.0,0.0,132.0,132.0,132.0,0.0,2951.814068151224,32.437517232431034,61657.0,0.0,61657.0,61657.0,0,0,0,0,0,0,0,0,0,0,0,0,0,0,32,32,16.218758616215517,16.218758616215517,50.0,132.0,77.33333333333333,47.34272207354931,2241.333333333333,0,0,0,0,0,0,0,0,1.0,116.0,50.0,132.0,32,0,0,0,0,0,0,1,50,1,132,-1,-1,0,32,0,0,0,0,0,0,0,0,BENIGN
10.42.0.1-10.42.0.42-53-30567-17,10.42.0.42,30567,10.42.0.1,53,17,11/08/2017 10:08:46,24354,1,1,34.0,162.0,34.0,34.0,34.0,0.0,162.0,162.0,162.0,0.0,8047.959267471462,82.12203334154553,24354.0,0.0,24354.0,24354.0,0,0,0,0,0,0,0,0,0,0,0,0,0,0,32,32,41.061016670772766,41.061016670772766,34.0,162.0,76.66666666666666,73.9008344562721,5461.333333333333,0,0,0,0,0,0,0,0,1.0,115.0,34.0,162.0,32,0,0,0,0,0,0,1,34,1,162,-1,-1,0,32,0,0,0,0,0,0,0,0,BENIGN
10.42.0.1-10.42.0.42-53-41729-17,10.42.0.42,41729,10.42.0.1,53,17,11/08/2017 10:15:46,51729,1,1,32.0,48.0,32.0,32.0,32.0,0.0,48.0,48.0,48.0,0.0,1546.5212936650623,38.663032341626554,51729.0,0.0,51729.0,51729.0,0,0,0,0,0,0,0,0,0,0,0,0,0,0,32,20,19.331516170813277,19.331516170813277,32.0,48.0,37.333333333333336,9.237604307034012,85.33333333333333,0,0,0,0,0,0,0,0,1.0,56.0,32.0,48.0,32,0,0,0,0,0,0,1,32,1,48,-1,-1,0,32,0,0,0,0,0,0,0,0,BENIGN
172.217.10.46-10.42.0.42-443-54667-6,10.42.0.42,54667,172.217.10.46,443,6,11/08/2017 09:45:13,38854,4,1,31.0,0.0,31.0,0.0,7.749999999999999,15.5,0.0,0.0,0.0,0.0,797.8586503320122,128.6868790858084,9713.5,17365.270714849223,35733.0,270.0,38854.0,12951.333333333334,21602.003734221817,37894.0,270.0,0,0,0,0,0,0,0,0,0,116,32,102.94950326864672,25.73737581716168,0.0,31.0,5.166666666666667,12.655697004379753,160.16666666666669,0,0,0,0,1,0,0,0,0.0,6.2,7.75,0.0,116,0,0,0,0,0,0,4,31,1,0,1476,176,1,20,0,0,0,0,0,0,0,0,BENIGN
10.42.0.1-10.42.0.42-53-64715-17,10.42.0.42,64715,10.42.0.1,53,17,11/08/2017 10:10:47,92809,1,1,43.0,150.0,43.0,43.0,43.0,0.0,150.0,150.0,150.0,0.0,2079.5396998135957,21.54963419495954,92809.0,0.0,92809.0,92809.0,0,0,0,0,0,0,0,0,0,0,0,0,0,0,20,32,10.77481709747977,10.77481709747977,43.0,150.0,78.66666666666666,61.776478803289955,3816.333333333333,0,0,0,0,0,0,0,0,1.0,118.0,43.0,150.0,20,0,0,0,0,0,0,1,43,1,150,-1,-1,0,20,0,0,0,0,0,0,0,0,BENIGN
10.42.0.1-10.42.0.42-53-30154-17,10.42.0.42,30154,10.42.0.1,53,17,11/08/2017 10:10:39,1824610,1,1,37.0,182.0,37.0,37.0,37.0,0.0,182.0,182.0,182.0,0.0,120.0256493168403,1.0961246512953453,1824610.0,0.0,1824610.0,1824610.0,0,0,0,0,0,0,0,0,0,0,0,0,0,0,40,32,0.5480623256476727,0.5480623256476727,37.0,182.0,85.33333333333334,83.71578903249574,7008.333333333334,0,0,0,0,0,0,0,0,1.0,128.0,37.0,182.0,40,0,0,0,0,0,0,1,37,1,182,-1,-1,0,40,0,0,0,0,0,0,0,0,BENIGN
10.42.0.1-10.42.0.42-53-1330-17,10.42.0.42,1330,10.42.0.1,53,17,11/08/2017 10:10:42,330634,1,1,36.0,52.0,36.0,36.0,36.0,0.0,52.0,52.0,52.0,0.0,266.1553258285597,6.048984677921811,330634.0,0.0,330634.0,330634.0,0,0,0,0,0,0,0,0,0,0,0,0,0,0,20,20,3.0244923389609055,3.0244923389609055,36.0,52.0,41.333333333333336,9.237604307034012,85.33333333333333,0,0,0,0,0,0,0,0,1.0,62.0,36.0,52.0,20,0,0,0,0,0,0,1,36,1,52,-1,-1,0,20,0,0,0,0,0,0,0,0,BENIGN
10.42.0.1-10.42.0.42-53-17031-17,10.42.0.42,17031,10.42.0.1,53,17,11/08/2017 10:10:35,92452,1,1,32.0,140.0,32.0,32.0,32.0,0.0,140.0,140.0,140.0,0.0,1860.4248691212736,21.632847315363648,92452.0,0.0,92452.0,92452.0,0,0,0,0,0,0,0,0,0,0,0,0,0,0,20,20,10.816423657681824,10.816423657681824,32.0,140.0,68.0,62.353829072479584,3888.0,0,0,0,0,0,0,0,0,1.0,102.0,32.0,140.0,20,0,0,0,0,0,0,1,32,1,140,-1,-1,0,20,0,0,0,0,0,0,0,0,BENIGN
10.42.0.1-10.42.0.42-53-8867-17,10.42.0.42,8867,10.42.0.1,53,17,11/08/2017 10:10:50,145901,1,1,32.0,164.0,32.0,32.0,32.0,0.0,164.0,164.0,164.0,0.0,1343.3766732236243,13.707925236975758,145901.0,0.0,145901.0,145901.0,0,0,0,0,0,0,0,0,0,0,0,0,0,0,40,20,6.853962618487879,6.853962618487879,32.0,164.0,76.0,76.2102355330306,5808.0,0,0,0,0,0,0,0,0,1.0,114.0,32.0,164.0,40,0,0,0,0,0,0,1,32,1,164,-1,-1,0,40,0,0,0,0,0,0,0,0,BENIGN
180.149.135.239-10.42.0.42-80-45440-6,180.149.135.239,80,10.42.0.42,45440,6,11/08/2017 10:10:49,5071,1,1,187.0,0.0,187.0,187.0,187.0,0.0,0.0,0.0,0.0,0.0,36876.355748373106,394.39952672056796,5071.0,0.0,5071.0,5071.0,0,0,0,0,0,0,0,0,0,0,0,0,0,0,20,20,197.19976336028398,197.19976336028398,0.0,187.0,124.66666666666666,107.96450033846003,11656.333333333334,0,0,0,0,1,1,0,0,1.0,187.0,187.0,0.0,20,0,0,0,0,0,0,1,187,1,0,115,0,0,20,0,0,0,0,0,0,0,0,BENIGN
10.42.0.1-10.42.0.42-53-53185-17,10.42.0.42,53185,10.42.0.1,53,17,11/08/2017 10:10:35,31572,1,1,30.0,46.0,30.0,30.0,30.0,0.0,46.0,46.0,46.0,0.0,2407.1962498416315,63.34726973267452,31572.0,0.0,31572.0,31572.0,0,0,0,0,0,0,0,0,0,0,0,0,0,0,20,20,31.67363486633726,31.67363486633726,30.0,46.0,35.333333333333336,9.237604307034012,85.33333333333333,0,0,0,0,0,0,0,0,1.0,53.0,30.0,46.0,20,0,0,0,0,0,0,1,30,1,46,-1,-1,0,20,0,0,0,0,0,0,0,0,BENIGN
219.142.78.162-10.42.0.42-443-50016-6,10.42.0.42,50016,219.142.78.162,443,6,11/08/2017 10:11:10,38971,2,0,0.0,0.0,0.0,0.0,0.0,0.0,0,0,0,0,0.0,51.32021246567961,38971.0,0.0,38971.0,38971.0,38971.0,38971.0,0.0,38971.0,38971.0,0,0,0,0,0,0,0,0,0,40,0,51.32021246567961,0.0,0.0,0.0,0.0,0.0,0.0,0,0,0,0,1,0,0,0,0.0,0.0,0.0,0.0,40,0,0,0,0,0,0,2,0,0,0,1871,-1,0,20,0,0,0,0,0,0,0,0,BENIGN
219.142.78.162-10.42.0.42-80-52913-6,10.42.0.42,52913,219.142.78.162,80,6,11/08/2017 10:10:43,255148,1,1,0.0,0.0,0.0,0.0,0.0,0.0,0.0,0.0,0.0,0.0,0.0,7.838587800021949,255148.0,0.0,255148.0,255148.0,0,0,0,0,0,0,0,0,0,0,0,0,0,0,20,20,3.9192939000109743,3.9192939000109743,0.0,0.0,0.0,0.0,0.0,0,0,0,0,1,1,0,0,1.0,0.0,0.0,0.0,20,0,0,0,0,0,0,1,0,1,0,1386,127,0,20,0,0,0,0,0,0,0,0,BENIGN
10.42.0.1-10.42.0.42-53-23309-17,10.42.0.42,23309,10.42.0.1,53,17,11/08/2017 10:08:48,31061,1,1,32.0,151.0,32.0,32.0,32.0,0.0,151.0,151.0,151.0,0.0,5891.632593928078,64.38942725604456,31061.0,0.0,31061.0,31061.0,0,0,0,0,0,0,0,0,0,0,0,0,0,0,40,32,32.19471362802228,32.19471362802228,32.0,151.0,71.66666666666666,68.70468203356546,4720.333333333333,0,0,0,0,0,0,0,0,1.0,107.5,32.0,151.0,40,0,0,0,0,0,0,1,32,1,151,-1,-1,0,40,0,0,0,0,0,0,0,0,BENIGN
10.42.0.42-104.192.110.245-55629-80-6,104.192.110.245,80,10.42.0.42,55629,6,11/08/2017 10:10:56,3432,1,1,0.0,0.0,0.0,0.0,0.0,0.0,0.0,0.0,0.0,0.0,0.0,582.7505827505827,3432.0,0.0,3432.0,3432.0,0,0,0,0,0,0,0,0,0,0,0,0,0,0,20,20,291.37529137529134,291.37529137529134,0.0,0.0,0.0,0.0,0.0,0,0,0,0,1,1,0,0,1.0,0.0,0.0,0.0,20,0,0,0,0,0,0,1,0,1,0,14600,65535,0,20,0,0,0,0,0,0,0,0,BENIGN
10.42.0.42-123.59.190.237-44844-80-6,123.59.190.237,80,10.42.0.42,44844,6,11/08/2017 10:10:46,33234,1,1,0.0,0.0,0.0,0.0,0.0,0.0,0.0,0.0,0.0,0.0,0.0,60.17933441656135,33234.0,0.0,33234.0,33234.0,0,0,0,0,0,0,0,0,0,0,0,0,0,0,20,20,30.089667208280677,30.089667208280677,0.0,0.0,0.0,0.0,0.0,0,0,0,0,1,1,0,0,1.0,0.0,0.0,0.0,20,0,0,0,0,0,0,1,0,1,0,8190,65535,0,20,0,0,0,0,0,0,0,0,BENIGN
157.55.130.150-10.42.0.42-443-46360-17,10.42.0.42,46360,157.55.130.150,443,17,11/08/2017 10:08:49,46262,1,1,18.0,26.0,18.0,18.0,18.0,0.0,26.0,26.0,26.0,0.0,951.1045782715836,43.23202628507198,46262.0,0.0,46262.0,46262.0,0,0,0,0,0,0,0,0,0,0,0,0,0,0,32,32,21.61601314253599,21.61601314253599,18.0,26.0,20.666666666666668,4.618802153517006,21.333333333333332,0,0,0,0,0,0,0,0,1.0,31.0,18.0,26.0,32,0,0,0,0,0,0,1,18,1,26,-1,-1,0,32,0,0,0,0,0,0,0,0,BENIGN
10.42.0.42-36.51.254.232-45505-443-6,10.42.0.42,45505,36.51.254.232,443,6,11/08/2017 10:10:54,1604636,3,0,0.0,0.0,0.0,0.0,0.0,0.0,0,0,0,0,0.0,1.869582883594784,802318.0,1094997.2770742401,1576598.0,28038.0,1604636.0,802318.0,1094997.2770742401,1576598.0,28038.0,0,0,0,0,0,0,0,0,0,60,0,1.869582883594784,0.0,0.0,0.0,0.0,0.0,0.0,0,0,0,0,1,0,0,0,0.0,0.0,0.0,0.0,60,0,0,0,0,0,0,3,0,0,0,1597,-1,0,20,0,0,0,0,0,0,0,0,BENIGN
172.217.10.46-10.42.0.42-443-58380-6,10.42.0.42,58380,172.217.10.46,443,6,11/08/2017 09:50:34,60092476,3,1,31.0,0.0,31.0,0.0,10.333333333333334,17.8978583448784,0.0,0.0,0.0,0.0,0.515871571009988,0.06656407367870813,2.0030825333333336E7,3.4572047818589516E7,5.9951169E7,37314.0,6.0055162E7,3.0027581E7,4.23183439844648E7,5.9951169E7,103993.0,0,0,0,0,0,0,0,0,0,96,20,0.049923055259031096,0.016641018419677033,0.0,31.0,6.2,13.863621460498695,192.2,0,0,0,0,1,1,0,0,0.0,7.75,10.333333333333334,0.0,96,0,0,0,0,0,0,3,31,1,0,612,0,1,32,103993.0,0.0,103993.0,103993.0,5.9951169E7,0.0,5.9951169E7,5.9951169E7,BENIGN
10.42.0.42-64.71.142.96-44891-443-6,10.42.0.42,44891,64.71.142.96,443,6,11/08/2017 10:10:50,11686691,8,6,327.0,3301.0,201.0,0.0,40.875,78.29511479013235,1460.0,0.0,550.1666666666666,710.6313859285042,310.4386006269867,1.1979438833455938,898976.2307692308,3147583.52298196,1.1374317E7,5.0,1.1686691E7,1669527.2857142854,4279651.707964707,1.1374317E7,5.0,196498.0,39299.6,53611.86040234008,109991.0,21.0,0,0,0,0,180,132,0.6845393619117679,0.5134045214338259,0.0,1460.0,241.86666666666667,501.41725804629687,251419.26666666663,0,0,0,1,0,0,0,0,0.0,259.14285714285717,40.875,550.1666666666666,180,0,0,0,0,0,0,8,327,6,3301,65535,31,2,20,312374.0,0.0,312374.0,312374.0,1.1374317E7,0.0,1.1374317E7,1.1374317E7,BENIGN
172.217.12.138-10.42.0.42-443-44507-17,10.42.0.42,44507,172.217.12.138,443,17,11/08/2017 09:45:13,545670,11,10,3377.0,4437.0,1350.0,24.0,307.0,522.673894507847,1350.0,30.0,443.7,626.548756637857,14320.010262612936,38.484798504590685,27283.5,57516.41890753777,250740.0,23.0,545670.0,54567.0,79047.16257048349,253012.0,43.0,411331.0,45703.444444444445,92756.88929415312,289188.0,23.0,0,0,0,0,352,328,20.15870397859512,18.326094525995565,24.0,1350.0,416.5454545454547,588.6086683885691,346460.16450216447,0,0,0,0,0,0,0,0,0.0,436.3809523809524,307.0,443.7,352,0,0,0,0,0,0,11,3377,10,4437,-1,-1,10,32,0,0,0,0,0,0,0,0,BENIGN
157.55.56.174-10.42.0.42-40022-46360-17,10.42.0.42,46360,157.55.56.174,40022,17,11/08/2017 10:08:49,36075,1,1,49.0,21.0,49.0,49.0,49.0,0.0,21.0,21.0,21.0,0.0,1940.4019404019402,55.44005544005544,36075.0,0.0,36075.0,36075.0,0,0,0,0,0,0,0,0,0,0,0,0,0,0,32,32,27.72002772002772,27.72002772002772,21.0,49.0,39.666666666666664,16.165807537309522,261.33333333333337,0,0,0,0,0,0,0,0,1.0,59.5,49.0,21.0,32,0,0,0,0,0,0,1,49,1,21,-1,-1,0,32,0,0,0,0,0,0,0,0,BENIGN
10.42.0.42-123.125.115.164-39548-443-6,10.42.0.42,39548,123.125.115.164,443,6,11/08/2017 10:11:10,37297,2,0,0.0,0.0,0.0,0.0,0.0,0.0,0,0,0,0,0.0,53.62361584041612,37297.0,0.0,37297.0,37297.0,37297.0,37297.0,0.0,37297.0,37297.0,0,0,0,0,0,0,0,0,0,40,0,53.62361584041612,0.0,0.0,0.0,0.0,0.0,0.0,0,0,0,0,1,0,0,0,0.0,0.0,0.0,0.0,40,0,0,0,0,0,0,2,0,0,0,1643,-1,0,20,0,0,0,0,0,0,0,0,BENIGN
172.217.12.138-10.42.0.42-443-55888-6,172.217.12.138,443,10.42.0.42,55888,6,11/08/2017 09:45:54,4469,1,1,0.0,0.0,0.0,0.0,0.0,0.0,0.0,0.0,0.0,0.0,0.0,447.52741105392704,4469.0,0.0,4469.0,4469.0,0,0,0,0,0,0,0,0,0,0,0,0,0,0,32,32,223.76370552696352,223.76370552696352,0.0,0.0,0.0,0.0,0.0,0,0,0,0,1,1,0,0,1.0,0.0,0.0,0.0,32,0,0,0,0,0,0,1,0,1,0,192,4350,0,32,0,0,0,0,0,0,0,0,BENIGN
10.42.0.1-10.42.0.42-53-22107-17,10.42.0.42,22107,10.42.0.1,53,17,11/08/2017 10:08:49,1379,1,1,36.0,213.0,36.0,36.0,36.0,0.0,213.0,213.0,213.0,0.0,180565.6272661349,1450.3263234227702,1379.0,0.0,1379.0,1379.0,0,0,0,0,0,0,0,0,0,0,0,0,0,0,32,32,725.1631617113851,725.1631617113851,36.0,213.0,95.0,102.19099764656376,10443.0,0,0,0,0,0,0,0,0,1.0,142.5,36.0,213.0,32,0,0,0,0,0,0,1,36,1,213,-1,-1,0,32,0,0,0,0,0,0,0,0,BENIGN
178.18.9.228-10.42.0.42-19578-46360-17,10.42.0.42,46360,178.18.9.228,19578,17,11/08/2017 10:09:08,249916,1,1,18.0,26.0,18.0,18.0,18.0,0.0,26.0,26.0,26.0,0.0,176.05915587637446,8.002688903471567,249916.0,0.0,249916.0,249916.0,0,0,0,0,0,0,0,0,0,0,0,0,0,0,32,32,4.0013444517357835,4.0013444517357835,18.0,26.0,20.666666666666668,4.618802153517006,21.333333333333332,0,0,0,0,0,0,0,0,1.0,31.0,18.0,26.0,32,0,0,0,0,0,0,1,18,1,26,-1,-1,0,32,0,0,0,0,0,0,0,0,BENIGN
10.42.0.42-91.190.219.42-41691-12350-6,91.190.219.42,12350,10.42.0.42,41691,6,11/08/2017 10:09:26,2217,1,1,0.0,0.0,0.0,0.0,0.0,0.0,0.0,0.0,0.0,0.0,0.0,902.1199819576004,2217.0,0.0,2217.0,2217.0,0,0,0,0,0,0,0,0,0,0,0,0,0,0,32,32,451.0599909788002,451.0599909788002,0.0,0.0,0.0,0.0,0.0,0,0,0,0,1,1,0,0,1.0,0.0,0.0,0.0,32,0,0,0,0,0,0,1,0,1,0,9,1386,0,32,0,0,0,0,0,0,0,0,BENIGN
172.217.10.238-10.42.0.42-443-33812-17,10.42.0.42,33812,172.217.10.238,443,17,11/08/2017 10:10:45,42863514,24,27,8718.0,6815.0,1350.0,23.0,363.24999999999994,490.0784542339602,1350.0,18.0,252.40740740740748,426.0210593620263,362.38279484038566,1.1898231208948478,857270.28,3361955.052066064,1.4839388E7,8.0,4.2801625E7,1860940.2173913042,4826594.792417481,1.4839388E7,8.0,4.2811644E7,1646601.6923076923,4583135.001013824,1.4903188E7,29.0,0,0,0,0,616,648,0.559916762774046,0.6299063581208018,18.0,1350.0,324.673076923077,474.25742662810836,224920.1067119156,0,0,0,0,0,0,0,0,1.0,331.03921568627453,363.25,252.40740740740742,616,0,0,0,0,0,0,24,8718,27,6815,-1,-1,23,20,272787.3333333333,256615.57558794698,558453.0,61779.0,1.3994421E7,1225418.669573383,1.4839388E7,1.2588996E7,BENIGN
10.42.0.1-10.42.0.42-53-20583-17,10.42.0.42,20583,10.42.0.1,53,17,11/08/2017 10:10:38,32110,1,1,32.0,217.0,32.0,32.0,32.0,0.0,217.0,217.0,217.0,0.0,7754.5935845530985,62.285892245406416,32110.0,0.0,32110.0,32110.0,0,0,0,0,0,0,0,0,0,0,0,0,0,0,32,32,31.142946122703208,31.142946122703208,32.0,217.0,93.66666666666666,106.80979980008077,11408.333333333332,0,0,0,0,0,0,0,0,1.0,140.5,32.0,217.0,32,0,0,0,0,0,0,1,32,1,217,-1,-1,0,32,0,0,0,0,0,0,0,0,BENIGN
10.42.0.42-123.125.29.138-58292-80-6,123.125.29.138,80,10.42.0.42,58292,6,11/08/2017 10:11:00,3419,1,1,0.0,0.0,0.0,0.0,0.0,0.0,0.0,0.0,0.0,0.0,0.0,584.966364434045,3419.0,0.0,3419.0,3419.0,0,0,0,0,0,0,0,0,0,0,0,0,0,0,20,20,292.4831822170225,292.4831822170225,0.0,0.0,0.0,0.0,0.0,0,0,0,0,1,1,0,0,1.0,0.0,0.0,0.0,20,0,0,0,0,0,0,1,0,1,0,14600,65535,0,20,0,0,0,0,0,0,0,0,BENIGN
10.42.0.1-10.42.0.42-53-54051-17,10.42.0.42,54051,10.42.0.1,53,17,11/08/2017 10:10:39,77870,1,1,30.0,70.0,30.0,30.0,30.0,0.0,70.0,70.0,70.0,0.0,1284.191601386927,25.68383202773854,77870.0,0.0,77870.0,77870.0,0,0,0,0,0,0,0,0,0,0,0,0,0,0,32,40,12.84191601386927,12.84191601386927,30.0,70.0,43.333333333333336,23.094010767585033,533.3333333333334,0,0,0,0,0,0,0,0,1.0,65.0,30.0,70.0,32,0,0,0,0,0,0,1,30,1,70,-1,-1,0,32,0,0,0,0,0,0,0,0,BENIGN
10.42.0.42-64.71.142.120-51916-80-6,64.71.142.120,80,10.42.0.42,51916,6,11/08/2017 10:11:01,6766,1,1,0.0,0.0,0.0,0.0,0.0,0.0,0.0,0.0,0.0,0.0,0.0,295.59562518474723,6766.0,0.0,6766.0,6766.0,0,0,0,0,0,0,0,0,0,0,0,0,0,0,20,20,147.79781259237362,147.79781259237362,0.0,0.0,0.0,0.0,0.0,0,0,0,0,1,1,0,0,1.0,0.0,0.0,0.0,20,0,0,0,0,0,0,1,0,1,0,29,1369,0,20,0,0,0,0,0,0,0,0,BENIGN
172.217.12.138-10.42.0.42-443-41781-6,172.217.12.138,443,10.42.0.42,41781,6,11/08/2017 09:45:44,2244,1,1,0.0,0.0,0.0,0.0,0.0,0.0,0.0,0.0,0.0,0.0,0.0,891.2655971479501,2244.0,0.0,2244.0,2244.0,0,0,0,0,0,0,0,0,0,0,0,0,0,0,32,32,445.63279857397504,445.63279857397504,0.0,0.0,0.0,0.0,0.0,0,0,0,0,1,1,0,0,1.0,0.0,0.0,0.0,32,0,0,0,0,0,0,1,0,1,0,170,1548,0,32,0,0,0,0,0,0,0,0,BENIGN
198.58.110.84-10.42.0.42-123-50739-17,10.42.0.42,50739,198.58.110.84,123,17,11/08/2017 10:08:46,62894,1,1,48.0,48.0,48.0,48.0,48.0,0.0,48.0,48.0,48.0,0.0,1526.3777148853626,31.799535726778387,62894.0,0.0,62894.0,62894.0,0,0,0,0,0,0,0,0,0,0,0,0,0,0,40,32,15.899767863389194,15.899767863389194,48.0,48.0,48.0,0.0,0.0,0,0,0,0,0,0,0,0,1.0,72.0,48.0,48.0,40,0,0,0,0,0,0,1,48,1,48,-1,-1,0,40,0,0,0,0,0,0,0,0,BENIGN
172.217.12.138-10.42.0.42-443-41489-6,10.42.0.42,41489,172.217.12.138,443,6,11/08/2017 09:50:23,227869,2,0,0.0,0.0,0.0,0.0,0.0,0.0,0,0,0,0,0.0,8.776972734334201,227869.0,0.0,227869.0,227869.0,227869.0,227869.0,0.0,227869.0,227869.0,0,0,0,0,0,0,0,0,0,64,0,8.776972734334201,0.0,0.0,0.0,0.0,0.0,0.0,0,0,0,0,1,1,0,0,0.0,0.0,0.0,0.0,64,0,0,0,0,0,0,2,0,0,0,811,-1,0,32,0,0,0,0,0,0,0,0,BENIGN
10.42.0.42-123.125.29.220-42276-80-6,10.42.0.42,42276,123.125.29.220,80,6,11/08/2017 10:10:42,300442,1,1,0.0,0.0,0.0,0.0,0.0,0.0,0.0,0.0,0.0,0.0,0.0,6.656858894562013,300442.0,0.0,300442.0,300442.0,0,0,0,0,0,0,0,0,0,0,0,0,0,0,20,20,3.3284294472810063,3.3284294472810063,0.0,0.0,0.0,0.0,0.0,0,0,0,0,1,1,0,0,1.0,0.0,0.0,0.0,20,0,0,0,0,0,0,1,0,1,0,1386,137,0,20,0,0,0,0,0,0,0,0,BENIGN
10.42.0.1-10.42.0.42-53-36707-17,10.42.0.42,36707,10.42.0.1,53,17,11/08/2017 10:10:42,318301,1,1,40.0,106.0,40.0,40.0,40.0,0.0,106.0,106.0,106.0,0.0,458.68533243690723,6.283360718313797,318301.0,0.0,318301.0,318301.0,0,0,0,0,0,0,0,0,0,0,0,0,0,0,20,20,3.1416803591568985,3.1416803591568985,40.0,106.0,62.0,38.1051177665153,1452.0,0,0,0,0,0,0,0,0,1.0,93.0,40.0,106.0,20,0,0,0,0,0,0,1,40,1,106,-1,-1,0,20,0,0,0,0,0,0,0,0,BENIGN
10.42.0.42-23.206.125.17-41024-80-6,10.42.0.42,41024,23.206.125.17,80,6,11/08/2017 10:18:59,161954,2,0,0.0,0.0,0.0,0.0,0.0,0.0,0,0,0,0,0.0,12.34918557121158,161954.0,0.0,161954.0,161954.0,161954.0,161954.0,0.0,161954.0,161954.0,0,0,0,0,0,0,0,0,0,64,0,12.34918557121158,0.0,0.0,0.0,0.0,0.0,0.0,0,0,0,0,1,1,0,0,0.0,0.0,0.0,0.0,64,0,0,0,0,0,0,2,0,0,0,977,-1,0,32,0,0,0,0,0,0,0,0,BENIGN
10.42.0.1-10.42.0.42-53-14555-17,10.42.0.42,14555,10.42.0.1,53,17,11/08/2017 10:08:49,1187,1,1,52.0,230.0,52.0,52.0,52.0,0.0,230.0,230.0,230.0,0.0,237573.71524852572,1684.9199663016009,1187.0,0.0,1187.0,1187.0,0,0,0,0,0,0,0,0,0,0,0,0,0,0,32,32,842.4599831508004,842.4599831508004,52.0,230.0,111.33333333333334,102.7683479157534,10561.333333333334,0,0,0,0,0,0,0,0,1.0,167.0,52.0,230.0,32,0,0,0,0,0,0,1,52,1,230,-1,-1,0,32,0,0,0,0,0,0,0,0,BENIGN
219.142.78.162-10.42.0.42-80-52925-6,10.42.0.42,52925,219.142.78.162,80,6,11/08/2017 10:10:44,258395,1,1,0.0,0.0,0.0,0.0,0.0,0.0,0.0,0.0,0.0,0.0,0.0,7.7400878499970975,258395.0,0.0,258395.0,258395.0,0,0,0,0,0,0,0,0,0,0,0,0,0,0,20,20,3.8700439249985488,3.8700439249985488,0.0,0.0,0.0,0.0,0.0,0,0,0,0,1,1,0,0,1.0,0.0,0.0,0.0,20,0,0,0,0,0,0,1,0,1,0,1386,126,0,20,0,0,0,0,0,0,0,0,BENIGN
10.42.0.1-10.42.0.42-53-12603-17,10.42.0.42,12603,10.42.0.1,53,17,11/08/2017 10:10:35,93809,1,1,33.0,102.0,33.0,33.0,33.0,0.0,102.0,102.0,102.0,0.0,1439.09432996834,21.31991599953096,93809.0,0.0,93809.0,93809.0,0,0,0,0,0,0,0,0,0,0,0,0,0,0,32,20,10.65995799976548,10.65995799976548,33.0,102.0,56.0,39.83716857408418,1587.0,0,0,0,0,0,0,0,0,1.0,84.0,33.0,102.0,32,0,0,0,0,0,0,1,33,1,102,-1,-1,0,32,0,0,0,0,0,0,0,0,BENIGN
10.42.0.1-10.42.0.42-53-23948-17,10.42.0.42,23948,10.42.0.1,53,17,11/08/2017 10:08:48,61307,1,1,35.0,248.0,35.0,35.0,35.0,0.0,248.0,248.0,248.0,0.0,4616.112352586165,32.62270213841813,61307.0,0.0,61307.0,61307.0,0,0,0,0,0,0,0,0,0,0,0,0,0,0,32,32,16.311351069209064,16.311351069209064,35.0,248.0,106.0,122.97560733739029,15123.0,0,0,0,0,0,0,0,0,1.0,159.0,35.0,248.0,32,0,0,0,0,0,0,1,35,1,248,-1,-1,0,32,0,0,0,0,0,0,0,0,BENIGN
172.217.7.227-10.42.0.42-443-46037-6,172.217.7.227,443,10.42.0.42,46037,6,11/08/2017 09:47:21,57340,1,1,0.0,0.0,0.0,0.0,0.0,0.0,0.0,0.0,0.0,0.0,0.0,34.87966515521451,57340.0,0.0,57340.0,57340.0,0,0,0,0,0,0,0,0,0,0,0,0,0,0,32,32,17.439832577607255,17.439832577607255,0.0,0.0,0.0,0.0,0.0,0,0,0,0,1,1,0,0,1.0,0.0,0.0,0.0,32,0,0,0,0,0,0,1,0,1,0,190,1819,0,32,0,0,0,0,0,0,0,0,BENIGN
219.142.78.162-10.42.0.42-443-50015-6,10.42.0.42,50015,219.142.78.162,443,6,11/08/2017 10:11:10,38903,2,0,0.0,0.0,0.0,0.0,0.0,0.0,0,0,0,0,0.0,51.409916972984085,38903.0,0.0,38903.0,38903.0,38903.0,38903.0,0.0,38903.0,38903.0,0,0,0,0,0,0,0,0,0,40,0,51.409916972984085,0.0,0.0,0.0,0.0,0.0,0.0,0,0,0,0,1,0,0,0,0.0,0.0,0.0,0.0,40,0,0,0,0,0,0,2,0,0,0,1734,-1,0,20,0,0,0,0,0,0,0,0,BENIGN
10.42.0.1-10.42.0.42-53-2172-17,10.42.0.42,2172,10.42.0.1,53,17,11/08/2017 10:10:47,365228,1,1,33.0,82.0,33.0,33.0,33.0,0.0,82.0,82.0,82.0,0.0,314.8718061046798,5.476031410516171,365228.0,0.0,365228.0,365228.0,0,0,0,0,0,0,0,0,0,0,0,0,0,0,20,20,2.7380157052580856,2.7380157052580856,33.0,82.0,49.33333333333333,28.29016319029166,800.3333333333333,0,0,0,0,0,0,0,0,1.0,74.0,33.0,82.0,20,0,0,0,0,0,0,1,33,1,82,-1,-1,0,20,0,0,0,0,0,0,0,0,BENIGN
10.42.0.1-10.42.0.42-53-27788-17,10.42.0.42,27788,10.42.0.1,53,17,11/08/2017 10:09:33,49438,1,1,32.0,107.0,32.0,32.0,32.0,0.0,107.0,107.0,107.0,0.0,2811.6024111007723,40.45471095109025,49438.0,0.0,49438.0,49438.0,0,0,0,0,0,0,0,0,0,0,0,0,0,0,32,32,20.227355475545124,20.227355475545124,32.0,107.0,57.0,43.30127018922193,1875.0,0,0,0,0,0,0,0,0,1.0,85.5,32.0,107.0,32,0,0,0,0,0,0,1,32,1,107,-1,-1,0,32,0,0,0,0,0,0,0,0,BENIGN
10.42.0.1-10.42.0.42-53-58324-17,10.42.0.42,58324,10.42.0.1,53,17,11/08/2017 10:10:59,31247,1,1,35.0,139.0,35.0,35.0,35.0,0.0,139.0,139.0,139.0,0.0,5568.534579319615,64.00614458988063,31247.0,0.0,31247.0,31247.0,0,0,0,0,0,0,0,0,0,0,0,0,0,0,20,32,32.00307229494032,32.00307229494032,35.0,139.0,69.66666666666666,60.04442799572108,3605.333333333333,0,0,0,0,0,0,0,0,1.0,104.5,35.0,139.0,20,0,0,0,0,0,0,1,35,1,139,-1,-1,0,20,0,0,0,0,0,0,0,0,BENIGN
10.42.0.1-10.42.0.42-53-22635-17,10.42.0.42,22635,10.42.0.1,53,17,11/08/2017 10:10:36,354847,1,1,40.0,185.0,40.0,40.0,40.0,0.0,185.0,185.0,185.0,0.0,634.076094767604,5.636231953489814,354847.0,0.0,354847.0,354847.0,0,0,0,0,0,0,0,0,0,0,0,0,0,0,20,20,2.818115976744907,2.818115976744907,40.0,185.0,88.33333333333334,83.71578903249574,7008.333333333334,0,0,0,0,0,0,0,0,1.0,132.5,40.0,185.0,20,0,0,0,0,0,0,1,40,1,185,-1,-1,0,20,0,0,0,0,0,0,0,0,BENIGN
10.42.0.1-10.42.0.42-53-22910-17,10.42.0.42,22910,10.42.0.1,53,17,11/08/2017 10:10:36,31221,1,1,37.0,53.0,37.0,37.0,37.0,0.0,53.0,53.0,53.0,0.0,2882.6751225136927,64.05944716697095,31221.0,0.0,31221.0,31221.0,0,0,0,0,0,0,0,0,0,0,0,0,0,0,20,20,32.02972358348548,32.02972358348548,37.0,53.0,42.333333333333336,9.237604307034012,85.33333333333333,0,0,0,0,0,0,0,0,1.0,63.5,37.0,53.0,20,0,0,0,0,0,0,1,37,1,53,-1,-1,0,20,0,0,0,0,0,0,0,0,BENIGN
10.42.0.1-10.42.0.42-53-44273-17,10.42.0.42,44273,10.42.0.1,53,17,11/08/2017 10:10:36,31661,1,1,34.0,179.0,34.0,34.0,34.0,0.0,179.0,179.0,179.0,0.0,6727.519661413095,63.1691986987145,31661.0,0.0,31661.0,31661.0,0,0,0,0,0,0,0,0,0,0,0,0,0,0,40,32,31.58459934935725,31.58459934935725,34.0,179.0,82.33333333333334,83.71578903249574,7008.333333333334,0,0,0,0,0,0,0,0,1.0,123.5,34.0,179.0,40,0,0,0,0,0,0,1,34,1,179,-1,-1,0,40,0,0,0,0,0,0,0,0,BENIGN
10.42.0.1-10.42.0.42-53-21840-17,10.42.0.42,21840,10.42.0.1,53,17,11/08/2017 10:10:38,421198,1,1,34.0,84.0,34.0,34.0,34.0,0.0,84.0,84.0,84.0,0.0,280.15327708108777,4.748360628493012,421198.0,0.0,421198.0,421198.0,0,0,0,0,0,0,0,0,0,0,0,0,0,0,20,20,2.374180314246506,2.374180314246506,34.0,84.0,50.66666666666667,28.867513459481287,833.3333333333334,0,0,0,0,0,0,0,0,1.0,76.0,34.0,84.0,20,0,0,0,0,0,0,1,34,1,84,-1,-1,0,20,0,0,0,0,0,0,0,0,BENIGN
205.204.101.47-10.42.0.42-443-37163-6,10.42.0.42,37163,205.204.101.47,443,6,11/08/2017 10:10:47,91207208,14,17,1018.0,6139.0,375.0,0.0,72.71428571428571,116.83942206913962,1452.0,0.0,361.11764705882354,558.3385937709462,78.46967533530903,0.33988541782794185,3040240.2666666666,1.6440637344594032E7,9.0086975E7,8.0,1120233.0,86171.76923076923,100699.54452408895,296565.0,8.0,9.1119953E7,5694997.0625,2.2508668966806956E7,9.0101421E7,14.0,0,0,0,0,300,372,0.1534966403093931,0.18638877751854876,0.0,1452.0,223.65625,434.61355540332903,188888.94254032255,0,0,0,1,0,0,0,0,1.0,230.8709677419355,72.71428571428571,361.11764705882354,300,0,0,0,0,0,0,14,1018,17,6139,65535,0,6,20,1120233.0,0.0,1120233.0,1120233.0,9.0086975E7,0.0,9.0086975E7,9.0086975E7,BENIGN
10.42.0.42-23.206.125.17-40972-80-6,10.42.0.42,40972,23.206.125.17,80,6,11/08/2017 10:18:55,38858,2,0,0.0,0.0,0.0,0.0,0.0,0.0,0,0,0,0,0.0,51.469452879715895,38858.0,0.0,38858.0,38858.0,38858.0,38858.0,0.0,38858.0,38858.0,0,0,0,0,0,0,0,0,0,64,0,51.469452879715895,0.0,0.0,0.0,0.0,0.0,0.0,0,0,0,0,1,1,0,0,0.0,0.0,0.0,0.0,64,0,0,0,0,0,0,2,0,0,0,939,-1,0,32,0,0,0,0,0,0,0,0,BENIGN
10.42.0.1-10.42.0.42-53-2011-17,10.42.0.42,2011,10.42.0.1,53,17,11/08/2017 10:10:36,31493,1,1,35.0,180.0,35.0,35.0,35.0,0.0,180.0,180.0,180.0,0.0,6826.913917378465,63.50617597561363,31493.0,0.0,31493.0,31493.0,0,0,0,0,0,0,0,0,0,0,0,0,0,0,20,20,31.753087987806815,31.753087987806815,35.0,180.0,83.33333333333334,83.71578903249574,7008.333333333334,0,0,0,0,0,0,0,0,1.0,125.0,35.0,180.0,20,0,0,0,0,0,0,1,35,1,180,-1,-1,0,20,0,0,0,0,0,0,0,0,BENIGN
10.42.0.42-123.125.115.164-39556-443-6,10.42.0.42,39556,123.125.115.164,443,6,11/08/2017 10:12:03,36330,2,0,0.0,0.0,0.0,0.0,0.0,0.0,0,0,0,0,0.0,55.05092210294522,36330.0,0.0,36330.0,36330.0,36330.0,36330.0,0.0,36330.0,36330.0,0,0,0,0,0,0,0,0,0,40,0,55.05092210294522,0.0,0.0,0.0,0.0,0.0,0.0,0,0,0,0,1,0,0,0,0.0,0.0,0.0,0.0,40,0,0,0,0,0,0,2,0,0,0,1552,-1,0,20,0,0,0,0,0,0,0,0,BENIGN
208.80.154.224-10.42.0.42-443-53505-6,208.80.154.224,443,10.42.0.42,53505,6,11/08/2017 09:46:19,2819,1,1,0.0,0.0,0.0,0.0,0.0,0.0,0.0,0.0,0.0,0.0,0.0,709.4714437743881,2819.0,0.0,2819.0,2819.0,0,0,0,0,0,0,0,0,0,0,0,0,0,0,32,32,354.7357218871941,354.7357218871941,0.0,0.0,0.0,0.0,0.0,0,0,0,0,1,1,0,0,1.0,0.0,0.0,0.0,32,0,0,0,0,0,0,1,0,1,0,63,4627,0,32,0,0,0,0,0,0,0,0,BENIGN
10.42.0.1-10.42.0.42-53-24877-17,10.42.0.42,24877,10.42.0.1,53,17,11/08/2017 10:09:05,31528,1,1,48.0,246.0,48.0,48.0,48.0,0.0,246.0,246.0,246.0,0.0,9325.044404973356,63.43567622430855,31528.0,0.0,31528.0,31528.0,0,0,0,0,0,0,0,0,0,0,0,0,0,0,32,32,31.717838112154276,31.717838112154276,48.0,246.0,114.0,114.3153532995459,13068.0,0,0,0,0,0,0,0,0,1.0,171.0,48.0,246.0,32,0,0,0,0,0,0,1,48,1,246,-1,-1,0,32,0,0,0,0,0,0,0,0,BENIGN
10.42.0.1-10.42.0.42-53-8979-17,10.42.0.42,8979,10.42.0.1,53,17,11/08/2017 10:10:36,582966,1,1,41.0,80.0,41.0,41.0,41.0,0.0,80.0,80.0,80.0,0.0,207.55927446883695,3.4307318094022636,582966.0,0.0,582966.0,582966.0,0,0,0,0,0,0,0,0,0,0,0,0,0,0,32,40,1.7153659047011318,1.7153659047011318,41.0,80.0,54.0,22.516660498395403,507.0,0,0,0,0,0,0,0,0,1.0,81.0,41.0,80.0,32,0,0,0,0,0,0,1,41,1,80,-1,-1,0,32,0,0,0,0,0,0,0,0,BENIGN
10.42.0.1-10.42.0.42-53-44768-17,10.42.0.42,44768,10.42.0.1,53,17,11/08/2017 10:10:54,31242,1,1,36.0,159.0,36.0,36.0,36.0,0.0,159.0,159.0,159.0,0.0,6241.597849049357,64.01638819537801,31242.0,0.0,31242.0,31242.0,0,0,0,0,0,0,0,0,0,0,0,0,0,0,20,32,32.00819409768901,32.00819409768901,36.0,159.0,77.0,71.01408311032397,5043.0,0,0,0,0,0,0,0,0,1.0,115.5,36.0,159.0,20,0,0,0,0,0,0,1,36,1,159,-1,-1,0,20,0,0,0,0,0,0,0,0,BENIGN
10.42.0.42-23.9.110.190-40123-80-6,10.42.0.42,40123,23.9.110.190,80,6,11/08/2017 10:19:14,102508,2,0,0.0,0.0,0.0,0.0,0.0,0.0,0,0,0,0,0.0,19.51067233776876,102508.0,0.0,102508.0,102508.0,102508.0,102508.0,0.0,102508.0,102508.0,0,0,0,0,0,0,0,0,0,64,0,19.51067233776876,0.0,0.0,0.0,0.0,0.0,0.0,0,0,0,0,1,1,0,0,0.0,0.0,0.0,0.0,64,0,0,0,0,0,0,2,0,0,0,956,-1,0,32,0,0,0,0,0,0,0,0,BENIGN
172.217.12.176-10.42.0.42-443-52731-6,10.42.0.42,52731,172.217.12.176,443,6,11/08/2017 09:49:34,85353,2,0,0.0,0.0,0.0,0.0,0.0,0.0,0,0,0,0,0.0,23.432099633287642,85353.0,0.0,85353.0,85353.0,85353.0,85353.0,0.0,85353.0,85353.0,0,0,0,0,0,0,0,0,0,64,0,23.432099633287642,0.0,0.0,0.0,0.0,0.0,0.0,0,0,0,0,1,1,0,0,0.0,0.0,0.0,0.0,64,0,0,0,0,0,0,2,0,0,0,195,-1,0,32,0,0,0,0,0,0,0,0,BENIGN
10.42.0.1-10.42.0.42-53-58417-17,10.42.0.42,58417,10.42.0.1,53,17,11/08/2017 10:10:48,432345,1,1,32.0,76.0,32.0,32.0,32.0,0.0,76.0,76.0,76.0,0.0,249.80050653991606,4.625935306294742,432345.0,0.0,432345.0,432345.0,0,0,0,0,0,0,0,0,0,0,0,0,0,0,20,20,2.312967653147371,2.312967653147371,32.0,76.0,46.666666666666664,25.40341184434353,645.3333333333333,0,0,0,0,0,0,0,0,1.0,70.0,32.0,76.0,20,0,0,0,0,0,0,1,32,1,76,-1,-1,0,20,0,0,0,0,0,0,0,0,BENIGN
10.42.0.1-10.42.0.42-53-54662-17,10.42.0.42,54662,10.42.0.1,53,17,11/08/2017 10:09:33,48752,1,1,28.0,103.0,28.0,28.0,28.0,0.0,103.0,103.0,103.0,0.0,2687.0692484410897,41.02395799146702,48752.0,0.0,48752.0,48752.0,0,0,0,0,0,0,0,0,0,0,0,0,0,0,32,32,20.51197899573351,20.51197899573351,28.0,103.0,53.0,43.30127018922193,1875.0,0,0,0,0,0,0,0,0,1.0,79.5,28.0,103.0,32,0,0,0,0,0,0,1,28,1,103,-1,-1,0,32,0,0,0,0,0,0,0,0,BENIGN
10.42.0.1-10.42.0.42-53-7555-17,10.42.0.42,7555,10.42.0.1,53,17,11/08/2017 10:08:48,31233,1,1,50.0,179.0,50.0,50.0,50.0,0.0,179.0,179.0,179.0,0.0,7331.988601799379,64.03483495021291,31233.0,0.0,31233.0,31233.0,0,0,0,0,0,0,0,0,0,0,0,0,0,0,32,32,32.017417475106456,32.017417475106456,50.0,179.0,93.0,74.47818472546173,5547.0,0,0,0,0,0,0,0,0,1.0,139.5,50.0,179.0,32,0,0,0,0,0,0,1,50,1,179,-1,-1,0,32,0,0,0,0,0,0,0,0,BENIGN
10.42.0.42-23.192.50.116-53472-80-6,10.42.0.42,53472,23.192.50.116,80,6,11/08/2017 10:19:06,145094,2,0,0.0,0.0,0.0,0.0,0.0,0.0,0,0,0,0,0.0,13.784167505203524,145094.0,0.0,145094.0,145094.0,145094.0,145094.0,0.0,145094.0,145094.0,0,0,0,0,0,0,0,0,0,64,0,13.784167505203524,0.0,0.0,0.0,0.0,0.0,0.0,0,0,0,0,1,1,0,0,0.0,0.0,0.0,0.0,64,0,0,0,0,0,0,2,0,0,0,949,-1,0,32,0,0,0,0,0,0,0,0,BENIGN
10.42.0.1-10.42.0.42-53-14328-17,10.42.0.42,14328,10.42.0.1,53,17,11/08/2017 10:08:24,867,1,1,40.0,104.0,40.0,40.0,40.0,0.0,104.0,104.0,104.0,0.0,166089.96539792386,2306.8050749711647,867.0,0.0,867.0,867.0,0,0,0,0,0,0,0,0,0,0,0,0,0,0,32,40,1153.4025374855823,1153.4025374855823,40.0,104.0,61.33333333333333,36.95041722813605,1365.3333333333333,0,0,0,0,0,0,0,0,1.0,92.0,40.0,104.0,32,0,0,0,0,0,0,1,40,1,104,-1,-1,0,32,0,0,0,0,0,0,0,0,BENIGN
10.42.0.42-123.125.29.220-42296-80-6,10.42.0.42,42296,123.125.29.220,80,6,11/08/2017 10:10:43,289904,1,1,0.0,0.0,0.0,0.0,0.0,0.0,0.0,0.0,0.0,0.0,0.0,6.898835476571555,289904.0,0.0,289904.0,289904.0,0,0,0,0,0,0,0,0,0,0,0,0,0,0,20,20,3.4494177382857774,3.4494177382857774,0.0,0.0,0.0,0.0,0.0,0,0,0,0,1,1,0,0,1.0,0.0,0.0,0.0,20,0,0,0,0,0,0,1,0,1,0,1386,136,0,20,0,0,0,0,0,0,0,0,BENIGN
10.42.0.42-23.206.125.17-40988-80-6,10.42.0.42,40988,23.206.125.17,80,6,11/08/2017 10:19:01,147672,2,0,0.0,0.0,0.0,0.0,0.0,0.0,0,0,0,0,0.0,13.543528901890676,147672.0,0.0,147672.0,147672.0,147672.0,147672.0,0.0,147672.0,147672.0,0,0,0,0,0,0,0,0,0,64,0,13.543528901890676,0.0,0.0,0.0,0.0,0.0,0.0,0,0,0,0,1,1,0,0,0.0,0.0,0.0,0.0,64,0,0,0,0,0,0,2,0,0,0,978,-1,0,32,0,0,0,0,0,0,0,0,BENIGN
10.42.0.1-10.42.0.42-53-44905-17,10.42.0.42,44905,10.42.0.1,53,17,11/08/2017 10:08:26,1497,1,1,37.0,215.0,37.0,37.0,37.0,0.0,215.0,215.0,215.0,0.0,168336.67334669337,1336.005344021376,1497.0,0.0,1497.0,1497.0,0,0,0,0,0,0,0,0,0,0,0,0,0,0,32,32,668.002672010688,668.002672010688,37.0,215.0,96.33333333333334,102.7683479157534,10561.333333333334,0,0,0,0,0,0,0,0,1.0,144.5,37.0,215.0,32,0,0,0,0,0,0,1,37,1,215,-1,-1,0,32,0,0,0,0,0,0,0,0,BENIGN
10.42.0.1-10.42.0.42-53-41181-17,10.42.0.42,41181,10.42.0.1,53,17,11/08/2017 10:10:35,33538,1,1,37.0,53.0,37.0,37.0,37.0,0.0,53.0,53.0,53.0,0.0,2683.523167750015,59.63384817222256,33538.0,0.0,33538.0,33538.0,0,0,0,0,0,0,0,0,0,0,0,0,0,0,20,20,29.81692408611128,29.81692408611128,37.0,53.0,42.333333333333336,9.237604307034012,85.33333333333333,0,0,0,0,0,0,0,0,1.0,63.5,37.0,53.0,20,0,0,0,0,0,0,1,37,1,53,-1,-1,0,20,0,0,0,0,0,0,0,0,BENIGN
10.42.0.1-10.42.0.42-53-7897-17,10.42.0.42,7897,10.42.0.1,53,17,11/08/2017 10:10:45,31285,1,1,42.0,89.0,42.0,42.0,42.0,0.0,89.0,89.0,89.0,0.0,4187.310212561931,63.9284001917852,31285.0,0.0,31285.0,31285.0,0,0,0,0,0,0,0,0,0,0,0,0,0,0,20,32,31.9642000958926,31.9642000958926,42.0,89.0,57.666666666666664,27.13546265191241,736.3333333333333,0,0,0,0,0,0,0,0,1.0,86.5,42.0,89.0,20,0,0,0,0,0,0,1,42,1,89,-1,-1,0,20,0,0,0,0,0,0,0,0,BENIGN
255.255.255.255-0.0.0.0-67-68-17,0.0.0.0,68,255.255.255.255,67,17,11/08/2017 10:08:23,48,2,0,630.0,0.0,315.0,315.0,315.0,0.0,0,0,0,0,1.3125E7,41666.666666666664,48.0,0.0,48.0,48.0,48.0,48.0,0.0,48.0,48.0,0,0,0,0,0,0,0,0,0,64,0,41666.666666666664,0.0,315.0,315.0,315.0,0.0,0.0,0,0,0,0,0,0,0,0,0.0,472.5,315.0,0.0,64,0,0,0,0,0,0,2,630,0,0,-1,-1,1,32,0,0,0,0,0,0,0,0,BENIGN
10.42.0.1-10.42.0.42-53-34423-17,10.42.0.42,34423,10.42.0.1,53,17,11/08/2017 10:10:42,31829,1,1,28.0,44.0,28.0,28.0,28.0,0.0,44.0,44.0,44.0,0.0,2262.088032925948,62.835778692387436,31829.0,0.0,31829.0,31829.0,0,0,0,0,0,0,0,0,0,0,0,0,0,0,40,20,31.417889346193718,31.417889346193718,28.0,44.0,33.333333333333336,9.237604307034012,85.33333333333333,0,0,0,0,0,0,0,0,1.0,50.0,28.0,44.0,40,0,0,0,0,0,0,1,28,1,44,-1,-1,0,40,0,0,0,0,0,0,0,0,BENIGN
172.217.12.138-10.42.0.42-443-45277-6,10.42.0.42,45277,172.217.12.138,443,6,11/08/2017 09:49:49,207766,2,0,0.0,0.0,0.0,0.0,0.0,0.0,0,0,0,0,0.0,9.626214106254151,207766.0,0.0,207766.0,207766.0,207766.0,207766.0,0.0,207766.0,207766.0,0,0,0,0,0,0,0,0,0,64,0,9.626214106254151,0.0,0.0,0.0,0.0,0.0,0.0,0,0,0,0,1,1,0,0,0.0,0.0,0.0,0.0,64,0,0,0,0,0,0,2,0,0,0,213,-1,0,32,0,0,0,0,0,0,0,0,BENIGN
10.42.0.42-23.206.125.17-40982-80-6,10.42.0.42,40982,23.206.125.17,80,6,11/08/2017 10:18:56,142250,2,0,0.0,0.0,0.0,0.0,0.0,0.0,0,0,0,0,0.0,14.059753954305801,142250.0,0.0,142250.0,142250.0,142250.0,142250.0,0.0,142250.0,142250.0,0,0,0,0,0,0,0,0,0,64,0,14.059753954305801,0.0,0.0,0.0,0.0,0.0,0.0,0,0,0,0,1,1,0,0,0.0,0.0,0.0,0.0,64,0,0,0,0,0,0,2,0,0,0,939,-1,0,32,0,0,0,0,0,0,0,0,BENIGN
203.90.242.126-10.42.0.42-443-37848-6,10.42.0.42,37848,203.90.242.126,443,6,11/08/2017 10:16:09,249135,1,1,0.0,0.0,0.0,0.0,0.0,0.0,0.0,0.0,0.0,0.0,0.0,8.027776105324422,249135.0,0.0,249135.0,249135.0,0,0,0,0,0,0,0,0,0,0,0,0,0,0,32,32,4.013888052662211,4.013888052662211,0.0,0.0,0.0,0.0,0.0,0,0,0,0,1,1,0,0,1.0,0.0,0.0,0.0,32,0,0,0,0,0,0,1,0,1,0,1595,244,0,32,0,0,0,0,0,0,0,0,BENIGN
157.55.235.159-10.42.0.42-40015-46360-17,10.42.0.42,46360,157.55.235.159,40015,17,11/08/2017 10:08:49,97665,1,1,44.0,20.0,44.0,44.0,44.0,0.0,20.0,20.0,20.0,0.0,655.3012850048635,20.478165156401985,97665.0,0.0,97665.0,97665.0,0,0,0,0,0,0,0,0,0,0,0,0,0,0,32,32,10.239082578200993,10.239082578200993,20.0,44.0,36.0,13.856406460551018,192.0,0,0,0,0,0,0,0,0,1.0,54.0,44.0,20.0,32,0,0,0,0,0,0,1,44,1,20,-1,-1,0,32,0,0,0,0,0,0,0,0,BENIGN
158.69.201.177-10.42.0.42-123-50338-17,10.42.0.42,50338,158.69.201.177,123,17,11/08/2017 10:08:24,16580,1,1,48.0,48.0,48.0,48.0,48.0,0.0,48.0,48.0,48.0,0.0,5790.108564535584,120.62726176115801,16580.0,0.0,16580.0,16580.0,0,0,0,0,0,0,0,0,0,0,0,0,0,0,40,40,60.313630880579005,60.313630880579005,48.0,48.0,48.0,0.0,0.0,0,0,0,0,0,0,0,0,1.0,72.0,48.0,48.0,40,0,0,0,0,0,0,1,48,1,48,-1,-1,0,40,0,0,0,0,0,0,0,0,BENIGN
10.42.0.1-10.42.0.42-53-20882-17,10.42.0.42,20882,10.42.0.1,53,17,11/08/2017 10:10:53,48903,1,1,36.0,93.0,36.0,36.0,36.0,0.0,93.0,93.0,93.0,0.0,2637.874976995276,40.897286465043045,48903.0,0.0,48903.0,48903.0,0,0,0,0,0,0,0,0,0,0,0,0,0,0,20,20,20.448643232521523,20.448643232521523,36.0,93.0,55.0,32.90896534380867,1083.0,0,0,0,0,0,0,0,0,1.0,82.5,36.0,93.0,20,0,0,0,0,0,0,1,36,1,93,-1,-1,0,20,0,0,0,0,0,0,0,0,BENIGN
219.142.78.162-10.42.0.42-80-52874-6,10.42.0.42,52874,219.142.78.162,80,6,11/08/2017 10:10:40,254720,1,1,0.0,0.0,0.0,0.0,0.0,0.0,0.0,0.0,0.0,0.0,0.0,7.851758793969849,254720.0,0.0,254720.0,254720.0,0,0,0,0,0,0,0,0,0,0,0,0,0,0,20,20,3.9258793969849246,3.9258793969849246,0.0,0.0,0.0,0.0,0.0,0,0,0,0,1,1,0,0,1.0,0.0,0.0,0.0,20,0,0,0,0,0,0,1,0,1,0,1386,124,0,20,0,0,0,0,0,0,0,0,BENIGN
219.142.78.162-10.42.0.42-443-50014-6,10.42.0.42,50014,219.142.78.162,443,6,11/08/2017 10:11:10,29747,2,0,0.0,0.0,0.0,0.0,0.0,0.0,0,0,0,0,0.0,67.23367062224763,29747.0,0.0,29747.0,29747.0,29747.0,29747.0,0.0,29747.0,29747.0,0,0,0,0,0,0,0,0,0,40,0,67.23367062224763,0.0,0.0,0.0,0.0,0.0,0.0,0,0,0,0,1,0,0,0,0.0,0.0,0.0,0.0,40,0,0,0,0,0,0,2,0,0,0,2236,-1,0,20,0,0,0,0,0,0,0,0,BENIGN
10.42.0.1-10.42.0.42-53-35100-17,10.42.0.42,35100,10.42.0.1,53,17,11/08/2017 10:08:56,145829,1,1,48.0,246.0,48.0,48.0,48.0,0.0,246.0,246.0,246.0,0.0,2016.0599057800578,13.714693236599032,145829.0,0.0,145829.0,145829.0,0,0,0,0,0,0,0,0,0,0,0,0,0,0,32,32,6.857346618299516,6.857346618299516,48.0,246.0,114.0,114.3153532995459,13068.0,0,0,0,0,0,0,0,0,1.0,171.0,48.0,246.0,32,0,0,0,0,0,0,1,48,1,246,-1,-1,0,32,0,0,0,0,0,0,0,0,BENIGN
10.42.0.1-10.42.0.42-53-36764-17,10.42.0.42,36764,10.42.0.1,53,17,11/08/2017 10:10:45,1495427,1,1,34.0,145.0,34.0,34.0,34.0,0.0,145.0,145.0,145.0,0.0,119.69825340855822,1.337410652609589,1495427.0,0.0,1495427.0,1495427.0,0,0,0,0,0,0,0,0,0,0,0,0,0,0,32,20,0.6687053263047945,0.6687053263047945,34.0,145.0,71.0,64.08587988004847,4107.0,0,0,0,0,0,0,0,0,1.0,106.5,34.0,145.0,32,0,0,0,0,0,0,1,34,1,145,-1,-1,0,32,0,0,0,0,0,0,0,0,BENIGN
10.42.0.42-64.71.142.96-56361-80-6,10.42.0.42,56361,64.71.142.96,80,6,11/08/2017 10:12:50,43963,2,0,0.0,0.0,0.0,0.0,0.0,0.0,0,0,0,0,0.0,45.49280076427905,43963.0,0.0,43963.0,43963.0,43963.0,43963.0,0.0,43963.0,43963.0,0,0,0,0,0,0,0,0,0,40,0,45.49280076427905,0.0,0.0,0.0,0.0,0.0,0.0,0,0,0,0,1,1,0,0,0.0,0.0,0.0,0.0,40,0,0,0,0,0,0,2,0,0,0,31,-1,0,20,0,0,0,0,0,0,0,0,BENIGN
10.42.0.1-10.42.0.42-53-40927-17,10.42.0.42,40927,10.42.0.1,53,17,11/08/2017 10:08:47,60947,1,1,46.0,141.0,46.0,46.0,46.0,0.0,141.0,141.0,141.0,0.0,3068.239618028779,32.815396984265014,60947.0,0.0,60947.0,60947.0,0,0,0,0,0,0,0,0,0,0,0,0,0,0,32,32,16.407698492132507,16.407698492132507,46.0,141.0,77.66666666666667,54.84827557301445,3008.3333333333335,0,0,0,0,0,0,0,0,1.0,116.5,46.0,141.0,32,0,0,0,0,0,0,1,46,1,141,-1,-1,0,32,0,0,0,0,0,0,0,0,BENIGN
10.42.0.1-10.42.0.42-53-4506-17,10.42.0.42,4506,10.42.0.1,53,17,11/08/2017 10:10:47,622247,1,1,32.0,104.0,32.0,32.0,32.0,0.0,104.0,104.0,104.0,0.0,218.56272509148297,3.214157721933573,622247.0,0.0,622247.0,622247.0,0,0,0,0,0,0,0,0,0,0,0,0,0,0,40,20,1.6070788609667865,1.6070788609667865,32.0,104.0,56.0,41.569219381653056,1728.0,0,0,0,0,0,0,0,0,1.0,84.0,32.0,104.0,40,0,0,0,0,0,0,1,32,1,104,-1,-1,0,40,0,0,0,0,0,0,0,0,BENIGN
10.42.0.42-23.206.125.17-40970-80-6,10.42.0.42,40970,23.206.125.17,80,6,11/08/2017 10:19:12,223311,2,0,0.0,0.0,0.0,0.0,0.0,0.0,0,0,0,0,0.0,8.95611949254627,223311.0,0.0,223311.0,223311.0,223311.0,223311.0,0.0,223311.0,223311.0,0,0,0,0,0,0,0,0,0,64,0,8.95611949254627,0.0,0.0,0.0,0.0,0.0,0.0,0,0,0,0,1,1,0,0,0.0,0.0,0.0,0.0,64,0,0,0,0,0,0,2,0,0,0,1006,-1,0,32,0,0,0,0,0,0,0,0,BENIGN
10.42.0.1-10.42.0.42-53-37705-17,10.42.0.42,37705,10.42.0.1,53,17,11/08/2017 09:45:13,1532,1,1,52.0,278.0,52.0,52.0,52.0,0.0,278.0,278.0,278.0,0.0,215404.6997389034,1305.4830287206266,1532.0,0.0,1532.0,1532.0,0,0,0,0,0,0,0,0,0,0,0,0,0,0,32,32,652.7415143603133,652.7415143603133,52.0,278.0,127.33333333333333,130.48116083685542,17025.333333333332,0,0,0,0,0,0,0,0,1.0,191.0,52.0,278.0,32,0,0,0,0,0,0,1,52,1,278,-1,-1,0,32,0,0,0,0,0,0,0,0,BENIGN
10.42.0.42-31.13.80.5-50885-443-6,10.42.0.42,50885,31.13.80.5,443,6,11/08/2017 10:08:34,245,2,0,0.0,0.0,0.0,0.0,0.0,0.0,0,0,0,0,0.0,8163.265306122449,245.0,0.0,245.0,245.0,245.0,245.0,0.0,245.0,245.0,0,0,0,0,0,0,0,0,0,40,0,8163.265306122449,0.0,0.0,0.0,0.0,0.0,0.0,1,0,0,0,0,0,0,0,0.0,0.0,0.0,0.0,40,0,0,0,0,0,0,2,0,0,0,0,-1,0,20,0,0,0,0,0,0,0,0,BENIGN
10.42.0.1-10.42.0.42-53-58836-17,10.42.0.42,58836,10.42.0.1,53,17,11/08/2017 10:10:36,61290,1,1,34.0,106.0,34.0,34.0,34.0,0.0,106.0,106.0,106.0,0.0,2284.2225485397294,32.631750693424706,61290.0,0.0,61290.0,61290.0,0,0,0,0,0,0,0,0,0,0,0,0,0,0,20,20,16.315875346712353,16.315875346712353,34.0,106.0,58.0,41.569219381653056,1728.0,0,0,0,0,0,0,0,0,1.0,87.0,34.0,106.0,20,0,0,0,0,0,0,1,34,1,106,-1,-1,0,20,0,0,0,0,0,0,0,0,BENIGN
172.217.10.106-10.42.0.42-443-52616-17,10.42.0.42,52616,172.217.10.106,443,17,11/08/2017 10:08:49,195543,8,8,3205.0,4346.0,1350.0,24.0,400.625,594.0730925447762,1350.0,30.0,543.25,669.6053741890496,38615.54747549132,81.82343525464988,13036.2,15859.68377544593,47055.0,11.0,195543.0,27934.714285714286,26173.5623846805,64059.0,396.0,154924.0,22132.0,25606.96282914734,66024.0,26.0,0,0,0,0,256,272,40.91171762732494,40.91171762732494,24.0,1350.0,523.5882352941178,633.2489694843105,401004.2573529412,0,0,0,0,0,0,0,0,1.0,556.3125,400.625,543.25,256,0,0,0,0,0,0,8,3205,8,4346,-1,-1,7,32,0,0,0,0,0,0,0,0,BENIGN
180.163.255.159-10.42.0.42-80-36546-6,180.163.255.159,80,10.42.0.42,36546,6,11/08/2017 10:10:59,2297,1,1,0.0,0.0,0.0,0.0,0.0,0.0,0.0,0.0,0.0,0.0,0.0,870.70091423596,2297.0,0.0,2297.0,2297.0,0,0,0,0,0,0,0,0,0,0,0,0,0,0,20,20,435.35045711798,435.35045711798,0.0,0.0,0.0,0.0,0.0,0,0,0,0,1,1,0,0,1.0,0.0,0.0,0.0,20,0,0,0,0,0,0,1,0,1,0,29,1369,0,20,0,0,0,0,0,0,0,0,BENIGN
180.149.136.247-10.42.0.42-80-44208-6,180.149.136.247,80,10.42.0.42,44208,6,11/08/2017 10:10:59,3130,1,1,187.0,0.0,187.0,187.0,187.0,0.0,0.0,0.0,0.0,0.0,59744.408945686904,638.9776357827476,3130.0,0.0,3130.0,3130.0,0,0,0,0,0,0,0,0,0,0,0,0,0,0,20,20,319.4888178913738,319.4888178913738,0.0,187.0,124.66666666666666,107.96450033846003,11656.333333333334,0,0,0,0,1,1,0,0,1.0,187.0,187.0,0.0,20,0,0,0,0,0,0,1,187,1,0,115,0,0,20,0,0,0,0,0,0,0,0,BENIGN
219.142.78.162-10.42.0.42-80-52908-6,10.42.0.42,52908,219.142.78.162,80,6,11/08/2017 10:10:42,254231,1,1,0.0,0.0,0.0,0.0,0.0,0.0,0.0,0.0,0.0,0.0,0.0,7.866861240368012,254231.0,0.0,254231.0,254231.0,0,0,0,0,0,0,0,0,0,0,0,0,0,0,20,20,3.933430620184006,3.933430620184006,0.0,0.0,0.0,0.0,0.0,0,0,0,0,1,1,0,0,1.0,0.0,0.0,0.0,20,0,0,0,0,0,0,1,0,1,0,1386,126,0,20,0,0,0,0,0,0,0,0,BENIGN
10.42.0.42-125.39.83.108-53556-443-6,10.42.0.42,53556,125.39.83.108,443,6,11/08/2017 10:11:54,39327,2,0,0.0,0.0,0.0,0.0,0.0,0.0,0,0,0,0,0.0,50.8556462481247,39327.0,0.0,39327.0,39327.0,39327.0,39327.0,0.0,39327.0,39327.0,0,0,0,0,0,0,0,0,0,40,0,50.8556462481247,0.0,0.0,0.0,0.0,0.0,0.0,0,0,0,0,1,0,0,0,0.0,0.0,0.0,0.0,40,0,0,0,0,0,0,2,0,0,0,1641,-1,0,20,0,0,0,0,0,0,0,0,BENIGN
172.217.11.8-10.42.0.42-443-48731-6,10.42.0.42,48731,172.217.11.8,443,6,11/08/2017 09:51:16,95326,2,0,0.0,0.0,0.0,0.0,0.0,0.0,0,0,0,0,0.0,20.98063487401129,95326.0,0.0,95326.0,95326.0,95326.0,95326.0,0.0,95326.0,95326.0,0,0,0,0,0,0,0,0,0,64,0,20.98063487401129,0.0,0.0,0.0,0.0,0.0,0.0,0,0,0,0,1,1,0,0,0.0,0.0,0.0,0.0,64,0,0,0,0,0,0,2,0,0,0,175,-1,0,32,0,0,0,0,0,0,0,0,BENIGN
10.42.0.1-10.42.0.42-53-36935-17,10.42.0.42,36935,10.42.0.1,53,17,11/08/2017 10:10:35,31319,1,1,35.0,180.0,35.0,35.0,35.0,0.0,180.0,180.0,180.0,0.0,6864.842427919155,63.85899932948051,31319.0,0.0,31319.0,31319.0,0,0,0,0,0,0,0,0,0,0,0,0,0,0,20,40,31.929499664740256,31.929499664740256,35.0,180.0,83.33333333333334,83.71578903249574,7008.333333333334,0,0,0,0,0,0,0,0,1.0,125.0,35.0,180.0,20,0,0,0,0,0,0,1,35,1,180,-1,-1,0,20,0,0,0,0,0,0,0,0,BENIGN
10.42.0.42-123.125.29.220-42312-80-6,10.42.0.42,42312,123.125.29.220,80,6,11/08/2017 10:10:45,286456,1,1,0.0,0.0,0.0,0.0,0.0,0.0,0.0,0.0,0.0,0.0,0.0,6.981875052364063,286456.0,0.0,286456.0,286456.0,0,0,0,0,0,0,0,0,0,0,0,0,0,0,20,20,3.4909375261820315,3.4909375261820315,0.0,0.0,0.0,0.0,0.0,0,0,0,0,1,1,0,0,1.0,0.0,0.0,0.0,20,0,0,0,0,0,0,1,0,1,0,1386,136,0,20,0,0,0,0,0,0,0,0,BENIGN
10.42.0.1-10.42.0.42-53-5099-17,10.42.0.42,5099,10.42.0.1,53,17,11/08/2017 10:10:36,37570,1,1,34.0,179.0,34.0,34.0,34.0,0.0,179.0,179.0,179.0,0.0,5669.417088102209,53.23396326856535,37570.0,0.0,37570.0,37570.0,0,0,0,0,0,0,0,0,0,0,0,0,0,0,20,20,26.616981634282673,26.616981634282673,34.0,179.0,82.33333333333334,83.71578903249574,7008.333333333334,0,0,0,0,0,0,0,0,1.0,123.5,34.0,179.0,20,0,0,0,0,0,0,1,34,1,179,-1,-1,0,20,0,0,0,0,0,0,0,0,BENIGN
172.217.12.197-10.42.0.42-443-40163-6,172.217.12.197,443,10.42.0.42,40163,6,11/08/2017 10:09:28,5276,1,1,0.0,0.0,0.0,0.0,0.0,0.0,0.0,0.0,0.0,0.0,0.0,379.07505686125853,5276.0,0.0,5276.0,5276.0,0,0,0,0,0,0,0,0,0,0,0,0,0,0,32,32,189.53752843062927,189.53752843062927,0.0,0.0,0.0,0.0,0.0,0,0,0,0,1,1,0,0,1.0,0.0,0.0,0.0,32,0,0,0,0,0,0,1,0,1,0,179,1595,0,32,0,0,0,0,0,0,0,0,BENIGN
10.42.0.42-47.93.77.222-44294-80-6,47.93.77.222,80,10.42.0.42,44294,6,11/08/2017 10:10:48,5155,1,1,0.0,0.0,0.0,0.0,0.0,0.0,0.0,0.0,0.0,0.0,0.0,387.97284190106694,5155.0,0.0,5155.0,5155.0,0,0,0,0,0,0,0,0,0,0,0,0,0,0,32,32,193.98642095053347,193.98642095053347,0.0,0.0,0.0,0.0,0.0,0,0,0,0,1,1,0,0,1.0,0.0,0.0,0.0,32,0,0,0,0,0,0,1,0,1,0,229,1369,0,32,0,0,0,0,0,0,0,0,BENIGN
174.35.73.84-10.42.0.42-443-57640-6,10.42.0.42,57640,174.35.73.84,443,6,11/08/2017 10:11:16,39038,2,0,0.0,0.0,0.0,0.0,0.0,0.0,0,0,0,0,0.0,51.232132793688194,39038.0,0.0,39038.0,39038.0,39038.0,39038.0,0.0,39038.0,39038.0,0,0,0,0,0,0,0,0,0,64,0,51.232132793688194,0.0,0.0,0.0,0.0,0.0,0.0,0,0,0,0,1,0,0,0,0.0,0.0,0.0,0.0,64,0,0,0,0,0,0,2,0,0,0,1957,-1,0,32,0,0,0,0,0,0,0,0,BENIGN
10.42.0.42-74.125.192.188-44902-5228-6,10.42.0.42,44902,74.125.192.188,5228,6,11/08/2017 10:23:15,196117,3,1,50.0,0.0,27.0,0.0,16.666666666666668,14.571661996262929,0.0,0.0,0.0,0.0,254.94985136423665,20.39598810913893,65372.333333333336,37294.1655669266,108001.0,38771.0,146772.0,73386.0,48953.00246154468,108001.0,38771.0,0,0,0,0,0,1,0,0,0,96,32,15.296991081854198,5.0989970272847325,0.0,27.0,14.6,13.427583550289308,180.3,0,1,0,0,1,0,0,0,0.0,18.25,16.666666666666668,0.0,96,0,0,0,0,0,0,3,50,1,0,185,185,1,32,0,0,0,0,0,0,0,0,BENIGN
172.217.10.106-10.42.0.42-443-32778-6,10.42.0.42,32778,172.217.10.106,443,6,11/08/2017 10:15:16,42448,2,0,0.0,0.0,0.0,0.0,0.0,0.0,0,0,0,0,0.0,47.11647191858274,42448.0,0.0,42448.0,42448.0,42448.0,42448.0,0.0,42448.0,42448.0,0,0,0,0,0,0,0,0,0,64,0,47.11647191858274,0.0,0.0,0.0,0.0,0.0,0.0,0,0,0,0,1,1,0,0,0.0,0.0,0.0,0.0,64,0,0,0,0,0,0,2,0,0,0,315,-1,0,32,0,0,0,0,0,0,0,0,BENIGN
10.42.0.1-10.42.0.42-53-52607-17,10.42.0.42,52607,10.42.0.1,53,17,11/08/2017 10:10:38,24137,1,1,29.0,45.0,29.0,29.0,29.0,0.0,45.0,45.0,45.0,0.0,3065.8325392550855,82.8603388987861,24137.0,0.0,24137.0,24137.0,0,0,0,0,0,0,0,0,0,0,0,0,0,0,32,32,41.43016944939305,41.43016944939305,29.0,45.0,34.333333333333336,9.237604307034012,85.33333333333333,0,0,0,0,0,0,0,0,1.0,51.5,29.0,45.0,32,0,0,0,0,0,0,1,29,1,45,-1,-1,0,32,0,0,0,0,0,0,0,0,BENIGN
172.217.10.106-10.42.0.42-443-53519-6,172.217.10.106,443,10.42.0.42,53519,6,11/08/2017 10:08:51,3871,1,1,0.0,0.0,0.0,0.0,0.0,0.0,0.0,0.0,0.0,0.0,0.0,516.6623611469904,3871.0,0.0,3871.0,3871.0,0,0,0,0,0,0,0,0,0,0,0,0,0,0,32,32,258.3311805734952,258.3311805734952,0.0,0.0,0.0,0.0,0.0,0,0,0,0,1,1,0,0,1.0,0.0,0.0,0.0,32,0,0,0,0,0,0,1,0,1,0,170,1548,0,32,0,0,0,0,0,0,0,0,BENIGN
140.205.250.8-10.42.0.42-443-35900-6,10.42.0.42,35900,140.205.250.8,443,6,11/08/2017 10:10:40,10684606,7,7,326.0,3775.0,200.0,0.0,46.57142857142858,82.35463383614619,1452.0,0.0,539.2857142857143,651.6729021745276,383.823231291823,1.3102963272581132,821892.7692307692,2714067.418685074,9847661.0,18.0,1.0684606E7,1780767.6666666667,3954114.6029408746,9847661.0,570.0,538756.0,89792.66666666667,138335.4941606335,279648.0,18.0,0,0,0,0,160,160,0.6551481636290566,0.6551481636290566,0.0,1452.0,273.40000000000003,501.3219381936978,251323.68571428573,0,0,0,1,0,0,0,0,1.0,292.92857142857144,46.57142857142857,539.2857142857143,160,0,0,0,0,0,0,7,326,7,3775,65535,65535,2,20,836945.0,0.0,836945.0,836945.0,9847661.0,0.0,9847661.0,9847661.0,BENIGN
172.217.10.238-10.42.0.42-443-45551-17,10.42.0.42,45551,172.217.10.238,443,17,11/08/2017 10:09:27,26881109,13,16,5189.0,5556.0,1350.0,23.0,399.1538461538462,517.1005456958776,1350.0,18.0,347.25000000000006,519.6223628751942,399.7230917816672,1.0788245380798835,960039.607142857,3486889.5550787076,1.4817274E7,3.0,2.681887E7,2234905.8333333335,5183880.889698248,1.4817274E7,7.0,2.6830531E7,1788702.0666666667,4698035.777181756,1.4885976E7,3.0,0,0,0,0,404,500,0.4836109998289133,0.5952135382509702,18.0,1350.0,403.1666666666666,531.9306464603052,282950.2126436781,0,0,0,0,0,0,0,0,1.0,417.0689655172414,399.15384615384613,347.25,404,0,0,0,0,0,0,13,5189,16,5556,-1,-1,12,20,201978.0,26284.573270266344,220564.0,183392.0,1.3207457E7,2276625.0343387686,1.4817274E7,1.159764E7,BENIGN
239.255.255.250-10.42.0.42-1900-43776-17,10.42.0.42,43776,239.255.255.250,1900,17,11/08/2017 10:08:48,35,4,0,530.0,0.0,133.0,132.0,132.5,0.577350269189623,0,0,0,0,1.5142857142857144E7,114285.71428571429,11.666666666666666,11.547005383792516,25.0,5.0,35.0,11.666666666666666,11.547005383792516,25.0,5.0,0,0,0,0,0,0,0,0,0,128,0,114285.71428571429,0.0,132.0,133.0,132.6,0.5477225575051661,0.3,0,0,0,0,0,0,0,0,0.0,165.75,132.5,0.0,128,0,0,0,0,0,0,4,530,0,0,-1,-1,3,32,0,0,0,0,0,0,0,0,BENIGN
10.42.0.1-10.42.0.42-53-34262-17,10.42.0.42,34262,10.42.0.1,53,17,11/08/2017 10:08:48,61674,1,1,52.0,117.0,52.0,52.0,52.0,0.0,117.0,117.0,117.0,0.0,2740.214677173525,32.42857606122515,61674.0,0.0,61674.0,61674.0,0,0,0,0,0,0,0,0,0,0,0,0,0,0,32,32,16.214288030612575,16.214288030612575,52.0,117.0,73.66666666666667,37.52776749732568,1408.3333333333335,0,0,0,0,0,0,0,0,1.0,110.5,52.0,117.0,32,0,0,0,0,0,0,1,52,1,117,-1,-1,0,32,0,0,0,0,0,0,0,0,BENIGN
10.42.0.1-10.42.0.42-53-23460-17,10.42.0.42,23460,10.42.0.1,53,17,11/08/2017 10:10:47,362700,1,1,32.0,48.0,32.0,32.0,32.0,0.0,48.0,48.0,48.0,0.0,220.56796250344635,5.514199062586159,362700.0,0.0,362700.0,362700.0,0,0,0,0,0,0,0,0,0,0,0,0,0,0,40,20,2.7570995312930795,2.7570995312930795,32.0,48.0,37.333333333333336,9.237604307034012,85.33333333333333,0,0,0,0,0,0,0,0,1.0,56.0,32.0,48.0,40,0,0,0,0,0,0,1,32,1,48,-1,-1,0,40,0,0,0,0,0,0,0,0,BENIGN
10.42.0.1-10.42.0.42-53-27983-17,10.42.0.42,27983,10.42.0.1,53,17,11/08/2017 10:10:35,32209,1,1,34.0,179.0,34.0,34.0,34.0,0.0,179.0,179.0,179.0,0.0,6613.058461920581,62.09444565183644,32209.0,0.0,32209.0,32209.0,0,0,0,0,0,0,0,0,0,0,0,0,0,0,32,32,31.04722282591822,31.04722282591822,34.0,179.0,82.33333333333334,83.71578903249574,7008.333333333334,0,0,0,0,0,0,0,0,1.0,123.5,34.0,179.0,32,0,0,0,0,0,0,1,34,1,179,-1,-1,0,32,0,0,0,0,0,0,0,0,BENIGN
10.42.0.1-10.42.0.42-53-45750-17,10.42.0.42,45750,10.42.0.1,53,17,11/08/2017 10:10:43,31833,1,1,37.0,84.0,37.0,37.0,37.0,0.0,84.0,84.0,84.0,0.0,3801.0869223761506,62.82788301448183,31833.0,0.0,31833.0,31833.0,0,0,0,0,0,0,0,0,0,0,0,0,0,0,20,32,31.413941507240914,31.413941507240914,37.0,84.0,52.666666666666664,27.13546265191241,736.3333333333333,0,0,0,0,0,0,0,0,1.0,79.0,37.0,84.0,20,0,0,0,0,0,0,1,37,1,84,-1,-1,0,20,0,0,0,0,0,0,0,0,BENIGN
172.217.12.138-10.42.0.42-443-53966-6,172.217.12.138,443,10.42.0.42,53966,6,11/08/2017 09:48:55,166908,1,1,0.0,0.0,0.0,0.0,0.0,0.0,0.0,0.0,0.0,0.0,0.0,11.982649124068349,166908.0,0.0,166908.0,166908.0,0,0,0,0,0,0,0,0,0,0,0,0,0,0,32,32,5.991324562034174,5.991324562034174,0.0,0.0,0.0,0.0,0.0,0,0,0,0,1,1,0,0,1.0,0.0,0.0,0.0,32,0,0,0,0,0,0,1,0,1,0,190,1593,0,32,0,0,0,0,0,0,0,0,BENIGN
219.142.78.162-10.42.0.42-80-52873-6,10.42.0.42,52873,219.142.78.162,80,6,11/08/2017 10:10:40,253955,1,1,0.0,0.0,0.0,0.0,0.0,0.0,0.0,0.0,0.0,0.0,0.0,7.875410998011459,253955.0,0.0,253955.0,253955.0,0,0,0,0,0,0,0,0,0,0,0,0,0,0,20,20,3.9377054990057294,3.9377054990057294,0.0,0.0,0.0,0.0,0.0,0,0,0,0,1,1,0,0,1.0,0.0,0.0,0.0,20,0,0,0,0,0,0,1,0,1,0,1386,126,0,20,0,0,0,0,0,0,0,0,BENIGN
219.142.78.162-10.42.0.42-443-50013-6,10.42.0.42,50013,219.142.78.162,443,6,11/08/2017 10:11:10,38904,2,0,0.0,0.0,0.0,0.0,0.0,0.0,0,0,0,0,0.0,51.40859551717047,38904.0,0.0,38904.0,38904.0,38904.0,38904.0,0.0,38904.0,38904.0,0,0,0,0,0,0,0,0,0,40,0,51.40859551717047,0.0,0.0,0.0,0.0,0.0,0.0,0,0,0,0,1,0,0,0,0.0,0.0,0.0,0.0,40,0,0,0,0,0,0,2,0,0,0,1689,-1,0,20,0,0,0,0,0,0,0,0,BENIGN
10.42.0.1-10.42.0.42-53-21221-17,10.42.0.42,21221,10.42.0.1,53,17,11/08/2017 10:10:40,31266,1,1,34.0,50.0,34.0,34.0,34.0,0.0,50.0,50.0,50.0,0.0,2686.624448282479,63.967248768630455,31266.0,0.0,31266.0,31266.0,0,0,0,0,0,0,0,0,0,0,0,0,0,0,20,32,31.983624384315227,31.983624384315227,34.0,50.0,39.333333333333336,9.237604307034012,85.33333333333333,0,0,0,0,0,0,0,0,1.0,59.0,34.0,50.0,20,0,0,0,0,0,0,1,34,1,50,-1,-1,0,20,0,0,0,0,0,0,0,0,BENIGN
10.42.0.1-10.42.0.42-37012-5351-17,10.42.0.1,37012,10.42.0.42,5351,17,11/08/2017 10:09:21,1894054,4,0,48.0,0.0,12.0,12.0,12.0,0.0,0,0,0,0,25.342466476668566,2.111872206389047,631351.3333333334,390828.1646354742,1052185.0,279793.0,1894054.0,631351.3333333334,390828.1646354742,1052185.0,279793.0,0,0,0,0,0,0,0,0,0,128,0,2.111872206389047,0.0,12.0,12.0,12.0,0.0,0.0,0,0,0,0,0,0,0,0,0.0,15.0,12.0,0.0,128,0,0,0,0,0,0,4,48,0,0,-1,-1,3,32,0,0,0,0,0,0,0,0,BENIGN
10.42.0.1-10.42.0.42-53-52503-17,10.42.0.42,52503,10.42.0.1,53,17,11/08/2017 10:10:36,1561,1,1,31.0,225.0,31.0,31.0,31.0,0.0,225.0,225.0,225.0,0.0,163997.43754003843,1281.2299807815502,1561.0,0.0,1561.0,1561.0,0,0,0,0,0,0,0,0,0,0,0,0,0,0,20,32,640.6149903907751,640.6149903907751,31.0,225.0,95.66666666666667,112.0059522227874,12545.333333333334,0,0,0,0,0,0,0,0,1.0,143.5,31.0,225.0,20,0,0,0,0,0,0,1,31,1,225,-1,-1,0,20,0,0,0,0,0,0,0,0,BENIGN
10.42.0.1-10.42.0.42-53-8446-17,10.42.0.42,8446,10.42.0.1,53,17,11/08/2017 10:10:44,447425,1,1,35.0,107.0,35.0,35.0,35.0,0.0,107.0,107.0,107.0,0.0,317.37162652958597,4.470022908867408,447425.0,0.0,447425.0,447425.0,0,0,0,0,0,0,0,0,0,0,0,0,0,0,20,32,2.235011454433704,2.235011454433704,35.0,107.0,59.0,41.569219381653056,1728.0,0,0,0,0,0,0,0,0,1.0,88.5,35.0,107.0,20,0,0,0,0,0,0,1,35,1,107,-1,-1,0,20,0,0,0,0,0,0,0,0,BENIGN
10.42.0.1-10.42.0.42-53-40973-17,10.42.0.42,40973,10.42.0.1,53,17,11/08/2017 10:10:46,31398,1,1,31.0,73.0,31.0,31.0,31.0,0.0,73.0,73.0,73.0,0.0,3312.3128861710934,63.69832473405949,31398.0,0.0,31398.0,31398.0,0,0,0,0,0,0,0,0,0,0,0,0,0,0,20,40,31.849162367029745,31.849162367029745,31.0,73.0,45.0,24.24871130596428,588.0,0,0,0,0,0,0,0,0,1.0,67.5,31.0,73.0,20,0,0,0,0,0,0,1,31,1,73,-1,-1,0,20,0,0,0,0,0,0,0,0,BENIGN
10.42.0.42-113.108.216.233-50697-80-6,113.108.216.233,80,10.42.0.42,50697,6,11/08/2017 10:10:46,2281,1,1,187.0,0.0,187.0,187.0,187.0,0.0,0.0,0.0,0.0,0.0,81981.58702323542,876.8084173608066,2281.0,0.0,2281.0,2281.0,0,0,0,0,0,0,0,0,0,0,0,0,0,0,20,20,438.4042086804033,438.4042086804033,0.0,187.0,124.66666666666666,107.96450033846003,11656.333333333334,0,0,0,0,1,1,0,0,1.0,187.0,187.0,0.0,20,0,0,0,0,0,0,1,187,1,0,115,0,0,20,0,0,0,0,0,0,0,0,BENIGN
10.42.0.42-125.39.83.108-53563-443-6,125.39.83.108,443,10.42.0.42,53563,6,11/08/2017 10:10:49,2804,1,1,0.0,0.0,0.0,0.0,0.0,0.0,0.0,0.0,0.0,0.0,0.0,713.2667617689016,2804.0,0.0,2804.0,2804.0,0,0,0,0,0,0,0,0,0,0,0,0,0,0,20,20,356.6333808844508,356.6333808844508,0.0,0.0,0.0,0.0,0.0,0,0,0,0,1,1,0,0,1.0,0.0,0.0,0.0,20,0,0,0,0,0,0,1,0,1,0,113,1369,0,20,0,0,0,0,0,0,0,0,BENIGN
10.42.0.1-10.42.0.42-53-22730-17,10.42.0.42,22730,10.42.0.1,53,17,11/08/2017 10:10:42,31610,1,1,35.0,67.0,35.0,35.0,35.0,0.0,67.0,67.0,67.0,0.0,3226.8269534957294,63.27111673521038,31610.0,0.0,31610.0,31610.0,0,0,0,0,0,0,0,0,0,0,0,0,0,0,20,20,31.63555836760519,31.63555836760519,35.0,67.0,45.666666666666664,18.475208614068023,341.3333333333333,0,0,0,0,0,0,0,0,1.0,68.5,35.0,67.0,20,0,0,0,0,0,0,1,35,1,67,-1,-1,0,20,0,0,0,0,0,0,0,0,BENIGN
10.42.0.1-10.42.0.42-53-21651-17,10.42.0.42,21651,10.42.0.1,53,17,11/08/2017 10:10:36,123952,1,1,36.0,109.0,36.0,36.0,36.0,0.0,109.0,109.0,109.0,0.0,1169.8076674841873,16.135278172195687,123952.0,0.0,123952.0,123952.0,0,0,0,0,0,0,0,0,0,0,0,0,0,0,20,20,8.067639086097843,8.067639086097843,36.0,109.0,60.33333333333333,42.14656965084268,1776.3333333333333,0,0,0,0,0,0,0,0,1.0,90.5,36.0,109.0,20,0,0,0,0,0,0,1,36,1,109,-1,-1,0,20,0,0,0,0,0,0,0,0,BENIGN
10.42.0.1-10.42.0.42-53-56175-17,10.42.0.42,56175,10.42.0.1,53,17,11/08/2017 10:10:45,348410,1,1,32.0,217.0,32.0,32.0,32.0,0.0,217.0,217.0,217.0,0.0,714.6752389426251,5.740363365001005,348410.0,0.0,348410.0,348410.0,0,0,0,0,0,0,0,0,0,0,0,0,0,0,32,32,2.8701816825005024,2.8701816825005024,32.0,217.0,93.66666666666666,106.80979980008077,11408.333333333332,0,0,0,0,0,0,0,0,1.0,140.5,32.0,217.0,32,0,0,0,0,0,0,1,32,1,217,-1,-1,0,32,0,0,0,0,0,0,0,0,BENIGN
8.0.6.4-8.6.0.1-0-0-0,8.6.0.1,0,8.0.6.4,0,0,11/08/2017 10:23:20,178050,2,0,0.0,0.0,0.0,0.0,0.0,0.0,0,0,0,0,0.0,11.232799775344004,178050.0,0.0,178050.0,178050.0,178050.0,178050.0,0.0,178050.0,178050.0,0,0,0,0,0,0,0,0,0,0,0,11.232799775344004,0.0,0.0,0.0,0.0,0.0,0.0,0,0,0,0,0,0,0,0,0.0,0.0,0.0,0.0,0,0,0,0,0,0,0,2,0,0,0,-1,-1,0,0,0,0,0,0,0,0,0,0,BENIGN
10.42.0.1-10.42.0.42-53-32275-17,10.42.0.42,32275,10.42.0.1,53,17,11/08/2017 10:10:42,420449,1,1,34.0,78.0,34.0,34.0,34.0,0.0,78.0,78.0,78.0,0.0,266.3818917395451,4.75681949534902,420449.0,0.0,420449.0,420449.0,0,0,0,0,0,0,0,0,0,0,0,0,0,0,20,20,2.37840974767451,2.37840974767451,34.0,78.0,48.666666666666664,25.40341184434353,645.3333333333333,0,0,0,0,0,0,0,0,1.0,73.0,34.0,78.0,20,0,0,0,0,0,0,1,34,1,78,-1,-1,0,20,0,0,0,0,0,0,0,0,BENIGN
10.42.0.42-23.9.110.190-40122-80-6,10.42.0.42,40122,23.9.110.190,80,6,11/08/2017 10:19:14,68237,2,0,0.0,0.0,0.0,0.0,0.0,0.0,0,0,0,0,0.0,29.309612087284023,68237.0,0.0,68237.0,68237.0,68237.0,68237.0,0.0,68237.0,68237.0,0,0,0,0,0,0,0,0,0,64,0,29.309612087284023,0.0,0.0,0.0,0.0,0.0,0.0,0,0,0,0,1,1,0,0,0.0,0.0,0.0,0.0,64,0,0,0,0,0,0,2,0,0,0,957,-1,0,32,0,0,0,0,0,0,0,0,BENIGN
10.42.0.1-10.42.0.42-53-21045-17,10.42.0.42,21045,10.42.0.1,53,17,11/08/2017 10:10:38,1149794,1,1,37.0,109.0,37.0,37.0,37.0,0.0,109.0,109.0,109.0,0.0,126.9792675905423,1.7394420217882507,1149794.0,0.0,1149794.0,1149794.0,0,0,0,0,0,0,0,0,0,0,0,0,0,0,32,20,0.8697210108941253,0.8697210108941253,37.0,109.0,61.0,41.569219381653056,1728.0,0,0,0,0,0,0,0,0,1.0,91.5,37.0,109.0,32,0,0,0,0,0,0,1,37,1,109,-1,-1,0,32,0,0,0,0,0,0,0,0,BENIGN
10.42.0.1-10.42.0.42-53-60396-17,10.42.0.42,60396,10.42.0.1,53,17,11/08/2017 10:10:51,677002,1,1,37.0,84.0,37.0,37.0,37.0,0.0,84.0,84.0,84.0,0.0,178.72916180454416,2.9542010215627132,677002.0,0.0,677002.0,677002.0,0,0,0,0,0,0,0,0,0,0,0,0,0,0,20,40,1.4771005107813566,1.4771005107813566,37.0,84.0,52.666666666666664,27.13546265191241,736.3333333333333,0,0,0,0,0,0,0,0,1.0,79.0,37.0,84.0,20,0,0,0,0,0,0,1,37,1,84,-1,-1,0,20,0,0,0,0,0,0,0,0,BENIGN
10.42.0.1-10.42.0.42-53-47944-17,10.42.0.42,47944,10.42.0.1,53,17,11/08/2017 10:10:37,444439,1,1,37.0,109.0,37.0,37.0,37.0,0.0,109.0,109.0,109.0,0.0,328.50402417429615,4.500055125675289,444439.0,0.0,444439.0,444439.0,0,0,0,0,0,0,0,0,0,0,0,0,0,0,32,32,2.2500275628376447,2.2500275628376447,37.0,109.0,61.0,41.569219381653056,1728.0,0,0,0,0,0,0,0,0,1.0,91.5,37.0,109.0,32,0,0,0,0,0,0,1,37,1,109,-1,-1,0,32,0,0,0,0,0,0,0,0,BENIGN
180.163.255.159-10.42.0.42-443-59888-6,10.42.0.42,59888,180.163.255.159,443,6,11/08/2017 10:15:54,31013,2,0,0.0,0.0,0.0,0.0,0.0,0.0,0,0,0,0,0.0,64.48908522232612,31013.0,0.0,31013.0,31013.0,31013.0,31013.0,0.0,31013.0,31013.0,0,0,0,0,0,0,0,0,0,40,0,64.48908522232612,0.0,0.0,0.0,0.0,0.0,0.0,0,0,0,0,1,0,0,0,0.0,0.0,0.0,0.0,40,0,0,0,0,0,0,2,0,0,0,1689,-1,0,20,0,0,0,0,0,0,0,0,BENIGN
10.42.0.1-10.42.0.42-53-58698-17,10.42.0.42,58698,10.42.0.1,53,17,11/08/2017 10:08:48,48954,1,1,34.0,138.0,34.0,34.0,34.0,0.0,138.0,138.0,138.0,0.0,3513.502471708134,40.854679903582955,48954.0,0.0,48954.0,48954.0,0,0,0,0,0,0,0,0,0,0,0,0,0,0,32,40,20.427339951791478,20.427339951791478,34.0,138.0,68.66666666666666,60.04442799572108,3605.333333333333,0,0,0,0,0,0,0,0,1.0,103.0,34.0,138.0,32,0,0,0,0,0,0,1,34,1,138,-1,-1,0,32,0,0,0,0,0,0,0,0,BENIGN
10.42.0.1-10.42.0.42-53-17254-17,10.42.0.42,17254,10.42.0.1,53,17,11/08/2017 10:10:42,1178407,1,1,33.0,49.0,33.0,33.0,33.0,0.0,49.0,49.0,49.0,0.0,69.58546580256227,1.6972064829893236,1178407.0,0.0,1178407.0,1178407.0,0,0,0,0,0,0,0,0,0,0,0,0,0,0,20,20,0.8486032414946618,0.8486032414946618,33.0,49.0,38.333333333333336,9.237604307034012,85.33333333333333,0,0,0,0,0,0,0,0,1.0,57.5,33.0,49.0,20,0,0,0,0,0,0,1,33,1,49,-1,-1,0,20,0,0,0,0,0,0,0,0,BENIGN
172.217.10.106-10.42.0.42-443-40259-6,10.42.0.42,40259,172.217.10.106,443,6,11/08/2017 10:14:45,243463,2,0,0.0,0.0,0.0,0.0,0.0,0.0,0,0,0,0,0.0,8.214800606252284,243463.0,0.0,243463.0,243463.0,243463.0,243463.0,0.0,243463.0,243463.0,0,0,0,0,0,0,0,0,0,64,0,8.214800606252284,0.0,0.0,0.0,0.0,0.0,0.0,0,0,0,0,1,1,0,0,0.0,0.0,0.0,0.0,64,0,0,0,0,0,0,2,0,0,0,192,-1,0,32,0,0,0,0,0,0,0,0,BENIGN
10.42.0.42-111.221.77.148-46360-40010-17,10.42.0.42,46360,111.221.77.148,40010,17,11/08/2017 10:08:49,227014,1,1,145.0,40.0,145.0,145.0,145.0,0.0,40.0,40.0,40.0,0.0,814.9277137092866,8.810029337397694,227014.0,0.0,227014.0,227014.0,0,0,0,0,0,0,0,0,0,0,0,0,0,0,32,32,4.405014668698847,4.405014668698847,40.0,145.0,110.0,60.6217782649107,3675.0,0,0,0,0,0,0,0,0,1.0,165.0,145.0,40.0,32,0,0,0,0,0,0,1,145,1,40,-1,-1,0,32,0,0,0,0,0,0,0,0,BENIGN
10.42.0.1-10.42.0.42-53-33241-17,10.42.0.42,33241,10.42.0.1,53,17,11/08/2017 10:10:54,31384,1,1,32.0,133.0,32.0,32.0,32.0,0.0,133.0,133.0,133.0,0.0,5257.456028549579,63.7267397399949,31384.0,0.0,31384.0,31384.0,0,0,0,0,0,0,0,0,0,0,0,0,0,0,20,20,31.86336986999745,31.86336986999745,32.0,133.0,65.66666666666666,58.3123771881522,3400.333333333333,0,0,0,0,0,0,0,0,1.0,98.5,32.0,133.0,20,0,0,0,0,0,0,1,32,1,133,-1,-1,0,20,0,0,0,0,0,0,0,0,BENIGN
174.35.73.84-10.42.0.42-443-57641-6,10.42.0.42,57641,174.35.73.84,443,6,11/08/2017 10:11:15,35439,2,0,0.0,0.0,0.0,0.0,0.0,0.0,0,0,0,0,0.0,56.43500098761252,35439.0,0.0,35439.0,35439.0,35439.0,35439.0,0.0,35439.0,35439.0,0,0,0,0,0,0,0,0,0,64,0,56.43500098761252,0.0,0.0,0.0,0.0,0.0,0.0,0,0,0,0,1,0,0,0,0.0,0.0,0.0,0.0,64,0,0,0,0,0,0,2,0,0,0,2093,-1,0,32,0,0,0,0,0,0,0,0,BENIGN
219.142.78.162-10.42.0.42-80-52960-6,10.42.0.42,52960,219.142.78.162,80,6,11/08/2017 10:10:47,254175,1,1,0.0,0.0,0.0,0.0,0.0,0.0,0.0,0.0,0.0,0.0,0.0,7.868594472312384,254175.0,0.0,254175.0,254175.0,0,0,0,0,0,0,0,0,0,0,0,0,0,0,20,20,3.934297236156192,3.934297236156192,0.0,0.0,0.0,0.0,0.0,0,0,0,0,1,1,0,0,1.0,0.0,0.0,0.0,20,0,0,0,0,0,0,1,0,1,0,1386,126,0,20,0,0,0,0,0,0,0,0,BENIGN
10.42.0.1-10.42.0.42-53-19616-17,10.42.0.42,19616,10.42.0.1,53,17,11/08/2017 10:08:30,1240,1,1,36.0,156.0,36.0,36.0,36.0,0.0,156.0,156.0,156.0,0.0,154838.70967741936,1612.9032258064517,1240.0,0.0,1240.0,1240.0,0,0,0,0,0,0,0,0,0,0,0,0,0,0,32,32,806.4516129032259,806.4516129032259,36.0,156.0,76.0,69.2820323027551,4800.0,0,0,0,0,0,0,0,0,1.0,114.0,36.0,156.0,32,0,0,0,0,0,0,1,36,1,156,-1,-1,0,32,0,0,0,0,0,0,0,0,BENIGN
10.42.0.255-10.42.0.1-8610-8612-17,10.42.0.1,8612,10.42.0.255,8610,17,11/08/2017 10:07:31,93678239,14,0,224.0,0.0,16.0,16.0,16.0,0.0,0,0,0,0,2.3911636511442107,0.14944772819651317,7206018.384615385,9965415.088482428,2.8704339E7,10150.0,9.3678239E7,7206018.384615385,9965415.088482428,2.8704339E7,10150.0,0,0,0,0,0,0,0,0,0,448,0,0.14944772819651317,0.0,16.0,16.0,16.0,0.0,0.0,0,0,0,0,0,0,0,0,0.0,17.142857142857142,16.0,0.0,448,0,0,0,0,0,0,14,224,0,0,-1,-1,13,32,1010006.0,2235719.1509103957,5009382.0,10150.0,1.77236032E7,8234693.907493842,2.8704339E7,6832297.0,BENIGN
10.42.0.42-23.192.50.116-53461-80-6,10.42.0.42,53461,23.192.50.116,80,6,11/08/2017 10:19:05,78580,2,0,0.0,0.0,0.0,0.0,0.0,0.0,0,0,0,0,0.0,25.451768897938408,78580.0,0.0,78580.0,78580.0,78580.0,78580.0,0.0,78580.0,78580.0,0,0,0,0,0,0,0,0,0,64,0,25.451768897938408,0.0,0.0,0.0,0.0,0.0,0.0,0,0,0,0,1,1,0,0,0.0,0.0,0.0,0.0,64,0,0,0,0,0,0,2,0,0,0,943,-1,0,32,0,0,0,0,0,0,0,0,BENIGN
172.217.12.138-10.42.0.42-443-42846-6,172.217.12.138,443,10.42.0.42,42846,6,11/08/2017 09:46:18,6747,1,1,0.0,0.0,0.0,0.0,0.0,0.0,0.0,0.0,0.0,0.0,0.0,296.42804209278194,6747.0,0.0,6747.0,6747.0,0,0,0,0,0,0,0,0,0,0,0,0,0,0,32,32,148.21402104639097,148.21402104639097,0.0,0.0,0.0,0.0,0.0,0,0,0,0,1,1,0,0,1.0,0.0,0.0,0.0,32,0,0,0,0,0,0,1,0,1,0,181,1637,0,32,0,0,0,0,0,0,0,0,BENIGN
10.42.0.42-125.39.83.108-53557-443-6,10.42.0.42,53557,125.39.83.108,443,6,11/08/2017 10:11:54,39225,2,0,0.0,0.0,0.0,0.0,0.0,0.0,0,0,0,0,0.0,50.987890376035686,39225.0,0.0,39225.0,39225.0,39225.0,39225.0,0.0,39225.0,39225.0,0,0,0,0,0,0,0,0,0,40,0,50.987890376035686,0.0,0.0,0.0,0.0,0.0,0.0,0,0,0,0,1,0,0,0,0.0,0.0,0.0,0.0,40,0,0,0,0,0,0,2,0,0,0,1641,-1,0,20,0,0,0,0,0,0,0,0,BENIGN
10.42.0.1-10.42.0.42-53-43049-17,10.42.0.42,43049,10.42.0.1,53,17,11/08/2017 10:10:41,62006,1,1,34.0,220.0,34.0,34.0,34.0,0.0,220.0,220.0,220.0,0.0,4096.377769893236,32.25494307002548,62006.0,0.0,62006.0,62006.0,0,0,0,0,0,0,0,0,0,0,0,0,0,0,20,20,16.12747153501274,16.12747153501274,34.0,220.0,96.0,107.38715006927039,11532.0,0,0,0,0,0,0,0,0,1.0,144.0,34.0,220.0,20,0,0,0,0,0,0,1,34,1,220,-1,-1,0,20,0,0,0,0,0,0,0,0,BENIGN
10.42.0.1-10.42.0.42-53-25941-17,10.42.0.42,25941,10.42.0.1,53,17,11/08/2017 10:10:45,64729,1,1,34.0,86.0,34.0,34.0,34.0,0.0,86.0,86.0,86.0,0.0,1853.8831126697464,30.898051877829104,64729.0,0.0,64729.0,64729.0,0,0,0,0,0,0,0,0,0,0,0,0,0,0,40,32,15.449025938914552,15.449025938914552,34.0,86.0,51.33333333333333,30.02221399786054,901.3333333333333,0,0,0,0,0,0,0,0,1.0,77.0,34.0,86.0,40,0,0,0,0,0,0,1,34,1,86,-1,-1,0,40,0,0,0,0,0,0,0,0,BENIGN
219.142.78.162-10.42.0.42-80-52872-6,10.42.0.42,52872,219.142.78.162,80,6,11/08/2017 10:10:40,253900,1,1,0.0,0.0,0.0,0.0,0.0,0.0,0.0,0.0,0.0,0.0,0.0,7.877116975187081,253900.0,0.0,253900.0,253900.0,0,0,0,0,0,0,0,0,0,0,0,0,0,0,20,20,3.9385584875935407,3.9385584875935407,0.0,0.0,0.0,0.0,0.0,0,0,0,0,1,1,0,0,1.0,0.0,0.0,0.0,20,0,0,0,0,0,0,1,0,1,0,1386,126,0,20,0,0,0,0,0,0,0,0,BENIGN
219.142.78.162-10.42.0.42-80-52895-6,10.42.0.42,52895,219.142.78.162,80,6,11/08/2017 10:10:41,253995,1,1,0.0,0.0,0.0,0.0,0.0,0.0,0.0,0.0,0.0,0.0,0.0,7.874170751392743,253995.0,0.0,253995.0,253995.0,0,0,0,0,0,0,0,0,0,0,0,0,0,0,20,20,3.9370853756963715,3.9370853756963715,0.0,0.0,0.0,0.0,0.0,0,0,0,0,1,1,0,0,1.0,0.0,0.0,0.0,20,0,0,0,0,0,0,1,0,1,0,1386,124,0,20,0,0,0,0,0,0,0,0,BENIGN
10.42.0.1-10.42.0.42-53-8960-17,10.42.0.42,8960,10.42.0.1,53,17,11/08/2017 10:10:48,31515,1,1,34.0,80.0,34.0,34.0,34.0,0.0,80.0,80.0,80.0,0.0,3617.3250832936696,63.46184356655561,31515.0,0.0,31515.0,31515.0,0,0,0,0,0,0,0,0,0,0,0,0,0,0,20,32,31.730921783277804,31.730921783277804,34.0,80.0,49.333333333333336,26.558112382722786,705.3333333333334,0,0,0,0,0,0,0,0,1.0,74.0,34.0,80.0,20,0,0,0,0,0,0,1,34,1,80,-1,-1,0,20,0,0,0,0,0,0,0,0,BENIGN
10.42.0.42-119.146.74.49-53854-443-6,10.42.0.42,53854,119.146.74.49,443,6,11/08/2017 10:11:53,38896,2,0,0.0,0.0,0.0,0.0,0.0,0.0,0,0,0,0,0.0,51.41916906622789,38896.0,0.0,38896.0,38896.0,38896.0,38896.0,0.0,38896.0,38896.0,0,0,0,0,0,0,0,0,0,40,0,51.41916906622789,0.0,0.0,0.0,0.0,0.0,0.0,0,0,0,0,1,0,0,0,0.0,0.0,0.0,0.0,40,0,0,0,0,0,0,2,0,0,0,1677,-1,0,20,0,0,0,0,0,0,0,0,BENIGN
172.217.11.14-10.42.0.42-80-46751-6,172.217.11.14,80,10.42.0.42,46751,6,11/08/2017 09:47:45,129592,1,1,0.0,0.0,0.0,0.0,0.0,0.0,0.0,0.0,0.0,0.0,0.0,15.43305142292734,129592.0,0.0,129592.0,129592.0,0,0,0,0,0,0,0,0,0,0,0,0,0,0,32,32,7.71652571146367,7.71652571146367,0.0,0.0,0.0,0.0,0.0,0,0,0,0,1,1,0,0,1.0,0.0,0.0,0.0,32,0,0,0,0,0,0,1,0,1,0,175,1369,0,32,0,0,0,0,0,0,0,0,BENIGN
10.42.0.42-108.177.112.95-58635-443-6,10.42.0.42,58635,108.177.112.95,443,6,11/08/2017 10:17:38,200398,2,0,0.0,0.0,0.0,0.0,0.0,0.0,0,0,0,0,0.0,9.980139522350523,200398.0,0.0,200398.0,200398.0,200398.0,200398.0,0.0,200398.0,200398.0,0,0,0,0,0,0,0,0,0,64,0,9.980139522350523,0.0,0.0,0.0,0.0,0.0,0.0,0,0,0,0,1,1,0,0,0.0,0.0,0.0,0.0,64,0,0,0,0,0,0,2,0,0,0,192,-1,0,32,0,0,0,0,0,0,0,0,BENIGN
10.42.0.1-10.42.0.42-53-47644-17,10.42.0.42,47644,10.42.0.1,53,17,11/08/2017 10:10:39,732671,1,1,43.0,114.0,43.0,43.0,43.0,0.0,114.0,114.0,114.0,0.0,214.2844469072749,2.7297381771627376,732671.0,0.0,732671.0,732671.0,0,0,0,0,0,0,0,0,0,0,0,0,0,0,20,32,1.3648690885813688,1.3648690885813688,43.0,114.0,66.66666666666667,40.991869112463434,1680.3333333333335,0,0,0,0,0,0,0,0,1.0,100.0,43.0,114.0,20,0,0,0,0,0,0,1,43,1,114,-1,-1,0,20,0,0,0,0,0,0,0,0,BENIGN
10.42.0.42-123.125.115.164-39550-443-6,10.42.0.42,39550,123.125.115.164,443,6,11/08/2017 10:11:56,835195,2,1,0.0,37.0,0.0,0.0,0.0,0.0,37.0,37.0,37.0,0.0,44.30103149563874,3.5919755266734117,417597.5,486116.8201826594,761334.0,73861.0,835195.0,835195.0,0.0,835195.0,835195.0,0,0,0,0,0,0,0,0,0,52,20,2.3946503511156076,1.1973251755578038,0.0,37.0,9.25,18.5,342.25,0,0,0,0,1,0,0,0,0.0,12.333333333333334,0.0,37.0,52,0,0,0,0,0,0,2,0,1,37,1552,528,0,20,0,0,0,0,0,0,0,0,BENIGN
180.149.134.221-10.42.0.42-80-51567-6,180.149.134.221,80,10.42.0.42,51567,6,11/08/2017 10:10:59,2251,1,1,0.0,0.0,0.0,0.0,0.0,0.0,0.0,0.0,0.0,0.0,0.0,888.4940026654821,2251.0,0.0,2251.0,2251.0,0,0,0,0,0,0,0,0,0,0,0,0,0,0,20,20,444.24700133274104,444.24700133274104,0.0,0.0,0.0,0.0,0.0,0,0,0,0,1,1,0,0,1.0,0.0,0.0,0.0,20,0,0,0,0,0,0,1,0,1,0,46,1369,0,20,0,0,0,0,0,0,0,0,BENIGN
219.142.78.162-10.42.0.42-443-50012-6,10.42.0.42,50012,219.142.78.162,443,6,11/08/2017 10:11:10,41924,2,0,0.0,0.0,0.0,0.0,0.0,0.0,0,0,0,0,0.0,47.70537162484496,41924.0,0.0,41924.0,41924.0,41924.0,41924.0,0.0,41924.0,41924.0,0,0,0,0,0,0,0,0,0,40,0,47.70537162484496,0.0,0.0,0.0,0.0,0.0,0.0,0,0,0,0,1,0,0,0,0.0,0.0,0.0,0.0,40,0,0,0,0,0,0,2,0,0,0,1780,-1,0,20,0,0,0,0,0,0,0,0,BENIGN
10.42.0.1-10.42.0.42-53-27856-17,10.42.0.42,27856,10.42.0.1,53,17,11/08/2017 10:10:35,781175,1,1,32.0,120.0,32.0,32.0,32.0,0.0,120.0,120.0,120.0,0.0,194.57867955323712,2.5602457835952253,781175.0,0.0,781175.0,781175.0,0,0,0,0,0,0,0,0,0,0,0,0,0,0,20,32,1.2801228917976126,1.2801228917976126,32.0,120.0,61.33333333333333,50.80682368868706,2581.333333333333,0,0,0,0,0,0,0,0,1.0,92.0,32.0,120.0,20,0,0,0,0,0,0,1,32,1,120,-1,-1,0,20,0,0,0,0,0,0,0,0,BENIGN
172.217.10.106-10.42.0.42-443-35488-6,172.217.10.106,443,10.42.0.42,35488,6,11/08/2017 10:08:38,2612,1,1,0.0,0.0,0.0,0.0,0.0,0.0,0.0,0.0,0.0,0.0,0.0,765.6967840735068,2612.0,0.0,2612.0,2612.0,0,0,0,0,0,0,0,0,0,0,0,0,0,0,32,32,382.8483920367534,382.8483920367534,0.0,0.0,0.0,0.0,0.0,0,0,0,0,1,1,0,0,1.0,0.0,0.0,0.0,32,0,0,0,0,0,0,1,0,1,0,175,1772,0,32,0,0,0,0,0,0,0,0,BENIGN
10.42.0.1-10.42.0.42-53-44269-17,10.42.0.42,44269,10.42.0.1,53,17,11/08/2017 10:10:45,1133,1,1,40.0,79.0,40.0,40.0,40.0,0.0,79.0,79.0,79.0,0.0,105030.89143865844,1765.2250661959401,1133.0,0.0,1133.0,1133.0,0,0,0,0,0,0,0,0,0,0,0,0,0,0,24,24,882.6125330979701,882.6125330979701,40.0,79.0,53.0,22.516660498395403,507.0,0,0,0,0,0,0,0,0,1.0,79.5,40.0,79.0,24,0,0,0,0,0,0,1,40,1,79,-1,-1,0,24,0,0,0,0,0,0,0,0,BENIGN
10.42.0.1-10.42.0.42-53-60654-17,10.42.0.42,60654,10.42.0.1,53,17,11/08/2017 10:10:35,32889,1,1,35.0,180.0,35.0,35.0,35.0,0.0,180.0,180.0,180.0,0.0,6537.140077229468,60.81060536957645,32889.0,0.0,32889.0,32889.0,0,0,0,0,0,0,0,0,0,0,0,0,0,0,32,32,30.405302684788225,30.405302684788225,35.0,180.0,83.33333333333334,83.71578903249574,7008.333333333334,0,0,0,0,0,0,0,0,1.0,125.0,35.0,180.0,32,0,0,0,0,0,0,1,35,1,180,-1,-1,0,32,0,0,0,0,0,0,0,0,BENIGN
172.217.10.78-10.42.0.42-443-41085-6,10.42.0.42,41085,172.217.10.78,443,6,11/08/2017 10:13:15,60151497,3,1,31.0,0.0,31.0,0.0,10.333333333333334,17.8978583448784,0.0,0.0,0.0,0.0,0.5153653948130335,0.06649876062103659,2.0050499E7,3.462954276959979E7,6.0037244E7,37110.0,6.0114387E7,3.00571935E7,4.239819401773029E7,6.0037244E7,77143.0,0,0,0,0,0,0,0,0,0,96,20,0.04987407046577744,0.016624690155259147,0.0,31.0,6.2,13.863621460498695,192.2,0,0,0,0,1,1,0,0,0.0,7.75,10.333333333333334,0.0,96,0,0,0,0,0,0,3,31,1,0,243,0,1,32,77143.0,0.0,77143.0,77143.0,6.0037244E7,0.0,6.0037244E7,6.0037244E7,BENIGN
10.42.0.1-10.42.0.42-53-19114-17,10.42.0.42,19114,10.42.0.1,53,17,11/08/2017 10:10:39,615422,1,1,34.0,130.0,34.0,34.0,34.0,0.0,130.0,130.0,130.0,0.0,266.48381110847515,3.249802574493599,615422.0,0.0,615422.0,615422.0,0,0,0,0,0,0,0,0,0,0,0,0,0,0,32,32,1.6249012872467996,1.6249012872467996,34.0,130.0,66.0,55.42562584220407,3072.0,0,0,0,0,0,0,0,0,1.0,99.0,34.0,130.0,32,0,0,0,0,0,0,1,34,1,130,-1,-1,0,32,0,0,0,0,0,0,0,0,BENIGN
219.142.78.162-10.42.0.42-80-52906-6,10.42.0.42,52906,219.142.78.162,80,6,11/08/2017 10:10:42,256629,1,1,0.0,0.0,0.0,0.0,0.0,0.0,0.0,0.0,0.0,0.0,0.0,7.7933514918423095,256629.0,0.0,256629.0,256629.0,0,0,0,0,0,0,0,0,0,0,0,0,0,0,20,20,3.8966757459211547,3.8966757459211547,0.0,0.0,0.0,0.0,0.0,0,0,0,0,1,1,0,0,1.0,0.0,0.0,0.0,20,0,0,0,0,0,0,1,0,1,0,1386,127,0,20,0,0,0,0,0,0,0,0,BENIGN
10.42.0.42-125.39.83.108-53558-443-6,10.42.0.42,53558,125.39.83.108,443,6,11/08/2017 10:11:54,39642,2,0,0.0,0.0,0.0,0.0,0.0,0.0,0,0,0,0,0.0,50.451541294586555,39642.0,0.0,39642.0,39642.0,39642.0,39642.0,0.0,39642.0,39642.0,0,0,0,0,0,0,0,0,0,40,0,50.451541294586555,0.0,0.0,0.0,0.0,0.0,0.0,0,0,0,0,1,0,0,0,0.0,0.0,0.0,0.0,40,0,0,0,0,0,0,2,0,0,0,1641,-1,0,20,0,0,0,0,0,0,0,0,BENIGN
10.42.0.42-104.192.110.245-55627-80-6,104.192.110.245,80,10.42.0.42,55627,6,11/08/2017 10:10:56,2212,1,1,0.0,0.0,0.0,0.0,0.0,0.0,0.0,0.0,0.0,0.0,0.0,904.1591320072333,2212.0,0.0,2212.0,2212.0,0,0,0,0,0,0,0,0,0,0,0,0,0,0,20,20,452.07956600361666,452.07956600361666,0.0,0.0,0.0,0.0,0.0,0,0,0,0,1,1,0,0,1.0,0.0,0.0,0.0,20,0,0,0,0,0,0,1,0,1,0,14600,65535,0,20,0,0,0,0,0,0,0,0,BENIGN
10.42.0.1-10.42.0.42-53-33190-17,10.42.0.42,33190,10.42.0.1,53,17,11/08/2017 10:10:38,79437,1,1,33.0,178.0,33.0,33.0,33.0,0.0,178.0,178.0,178.0,0.0,2656.1929579415137,25.177184435464586,79437.0,0.0,79437.0,79437.0,0,0,0,0,0,0,0,0,0,0,0,0,0,0,40,20,12.588592217732293,12.588592217732293,33.0,178.0,81.33333333333334,83.71578903249574,7008.333333333334,0,0,0,0,0,0,0,0,1.0,122.0,33.0,178.0,40,0,0,0,0,0,0,1,33,1,178,-1,-1,0,40,0,0,0,0,0,0,0,0,BENIGN
157.56.52.31-10.42.0.42-40015-46360-17,10.42.0.42,46360,157.56.52.31,40015,17,11/08/2017 10:08:49,136025,2,2,93.0,41.0,49.0,44.0,46.5,3.5355339059327378,21.0,20.0,20.5,0.7071067811865476,985.1130306928873,29.406359125160815,45341.666666666664,10679.52388139721,51642.0,33011.0,51372.0,51372.0,0.0,51372.0,51372.0,51642.0,51642.0,0.0,51642.0,51642.0,0,0,0,0,64,64,14.703179562580408,14.703179562580408,20.0,49.0,36.6,14.842506526863986,220.3,0,0,0,0,0,0,0,0,1.0,45.75,46.5,20.5,64,0,0,0,0,0,0,2,93,2,41,-1,-1,1,32,0,0,0,0,0,0,0,0,BENIGN
10.42.0.1-10.42.0.42-53-37506-17,10.42.0.42,37506,10.42.0.1,53,17,11/08/2017 10:10:43,433226,1,1,32.0,104.0,32.0,32.0,32.0,0.0,104.0,104.0,104.0,0.0,313.92391038395664,4.6165280938817155,433226.0,0.0,433226.0,433226.0,0,0,0,0,0,0,0,0,0,0,0,0,0,0,20,20,2.3082640469408577,2.3082640469408577,32.0,104.0,56.0,41.569219381653056,1728.0,0,0,0,0,0,0,0,0,1.0,84.0,32.0,104.0,20,0,0,0,0,0,0,1,32,1,104,-1,-1,0,20,0,0,0,0,0,0,0,0,BENIGN
10.42.0.42-47.93.77.222-58133-443-6,47.93.77.222,443,10.42.0.42,58133,6,11/08/2017 10:10:50,2554,1,1,0.0,0.0,0.0,0.0,0.0,0.0,0.0,0.0,0.0,0.0,0.0,783.0853563038372,2554.0,0.0,2554.0,2554.0,0,0,0,0,0,0,0,0,0,0,0,0,0,0,32,32,391.5426781519186,391.5426781519186,0.0,0.0,0.0,0.0,0.0,0,0,0,0,1,1,0,0,1.0,0.0,0.0,0.0,32,0,0,0,0,0,0,1,0,1,0,227,1369,0,32,0,0,0,0,0,0,0,0,BENIGN
10.42.0.42-23.206.125.17-40980-80-6,10.42.0.42,40980,23.206.125.17,80,6,11/08/2017 10:19:01,125480,2,0,0.0,0.0,0.0,0.0,0.0,0.0,0,0,0,0,0.0,15.938795027095951,125480.0,0.0,125480.0,125480.0,125480.0,125480.0,0.0,125480.0,125480.0,0,0,0,0,0,0,0,0,0,64,0,15.938795027095951,0.0,0.0,0.0,0.0,0.0,0.0,0,0,0,0,1,1,0,0,0.0,0.0,0.0,0.0,64,0,0,0,0,0,0,2,0,0,0,1006,-1,0,32,0,0,0,0,0,0,0,0,BENIGN
10.42.0.1-10.42.0.42-53-25812-17,10.42.0.42,25812,10.42.0.1,53,17,11/08/2017 10:10:52,1696099,1,1,36.0,83.0,36.0,36.0,36.0,0.0,83.0,83.0,83.0,0.0,70.16099885678842,1.1791764513745955,1696099.0,0.0,1696099.0,1696099.0,0,0,0,0,0,0,0,0,0,0,0,0,0,0,40,20,0.5895882256872977,0.5895882256872977,36.0,83.0,51.666666666666664,27.13546265191241,736.3333333333333,0,0,0,0,0,0,0,0,1.0,77.5,36.0,83.0,40,0,0,0,0,0,0,1,36,1,83,-1,-1,0,40,0,0,0,0,0,0,0,0,BENIGN
172.217.12.138-10.42.0.42-443-45041-6,172.217.12.138,443,10.42.0.42,45041,6,11/08/2017 09:46:18,5740,1,1,0.0,0.0,0.0,0.0,0.0,0.0,0.0,0.0,0.0,0.0,0.0,348.4320557491289,5740.0,0.0,5740.0,5740.0,0,0,0,0,0,0,0,0,0,0,0,0,0,0,32,32,174.21602787456445,174.21602787456445,0.0,0.0,0.0,0.0,0.0,0,0,0,0,1,1,0,0,1.0,0.0,0.0,0.0,32,0,0,0,0,0,0,1,0,1,0,181,1637,0,32,0,0,0,0,0,0,0,0,BENIGN
174.35.73.84-10.42.0.42-443-57642-6,10.42.0.42,57642,174.35.73.84,443,6,11/08/2017 10:11:15,39338,2,0,0.0,0.0,0.0,0.0,0.0,0.0,0,0,0,0,0.0,50.841425593573646,39338.0,0.0,39338.0,39338.0,39338.0,39338.0,0.0,39338.0,39338.0,0,0,0,0,0,0,0,0,0,64,0,50.841425593573646,0.0,0.0,0.0,0.0,0.0,0.0,0,0,0,0,1,0,0,0,0.0,0.0,0.0,0.0,64,0,0,0,0,0,0,2,0,0,0,1912,-1,0,32,0,0,0,0,0,0,0,0,BENIGN
10.42.0.1-10.42.0.42-53-57756-17,10.42.0.42,57756,10.42.0.1,53,17,11/08/2017 10:10:34,31235,1,1,39.0,55.0,39.0,39.0,39.0,0.0,55.0,55.0,55.0,0.0,3009.4445333760204,64.03073475268128,31235.0,0.0,31235.0,31235.0,0,0,0,0,0,0,0,0,0,0,0,0,0,0,32,32,32.01536737634064,32.01536737634064,39.0,55.0,44.333333333333336,9.237604307034012,85.33333333333333,0,0,0,0,0,0,0,0,1.0,66.5,39.0,55.0,32,0,0,0,0,0,0,1,39,1,55,-1,-1,0,32,0,0,0,0,0,0,0,0,BENIGN
10.42.0.42-123.125.29.220-42329-80-6,10.42.0.42,42329,123.125.29.220,80,6,11/08/2017 10:10:44,274644,1,1,0.0,0.0,0.0,0.0,0.0,0.0,0.0,0.0,0.0,0.0,0.0,7.282154352543657,274644.0,0.0,274644.0,274644.0,0,0,0,0,0,0,0,0,0,0,0,0,0,0,20,20,3.6410771762718284,3.6410771762718284,0.0,0.0,0.0,0.0,0.0,0,0,0,0,1,1,0,0,1.0,0.0,0.0,0.0,20,0,0,0,0,0,0,1,0,1,0,1386,137,0,20,0,0,0,0,0,0,0,0,BENIGN
10.42.0.1-10.42.0.42-53-26879-17,10.42.0.42,26879,10.42.0.1,53,17,11/08/2017 10:08:48,327730,1,1,52.0,178.0,52.0,52.0,52.0,0.0,178.0,178.0,178.0,0.0,701.7972111189088,6.10258444451225,327730.0,0.0,327730.0,327730.0,0,0,0,0,0,0,0,0,0,0,0,0,0,0,32,32,3.051292222256125,3.051292222256125,52.0,178.0,94.0,72.74613391789285,5292.0,0,0,0,0,0,0,0,0,1.0,141.0,52.0,178.0,32,0,0,0,0,0,0,1,52,1,178,-1,-1,0,32,0,0,0,0,0,0,0,0,BENIGN
10.42.0.1-10.42.0.42-53-24428-17,10.42.0.42,24428,10.42.0.1,53,17,11/08/2017 10:13:36,867,1,1,37.0,215.0,37.0,37.0,37.0,0.0,215.0,215.0,215.0,0.0,290657.43944636674,2306.8050749711647,867.0,0.0,867.0,867.0,0,0,0,0,0,0,0,0,0,0,0,0,0,0,32,32,1153.4025374855823,1153.4025374855823,37.0,215.0,96.33333333333334,102.7683479157534,10561.333333333334,0,0,0,0,0,0,0,0,1.0,144.5,37.0,215.0,32,0,0,0,0,0,0,1,37,1,215,-1,-1,0,32,0,0,0,0,0,0,0,0,BENIGN
10.42.0.1-10.42.0.42-53-23114-17,10.42.0.42,23114,10.42.0.1,53,17,11/08/2017 10:08:33,1148,1,1,41.0,219.0,41.0,41.0,41.0,0.0,219.0,219.0,219.0,0.0,226480.8362369338,1742.1602787456447,1148.0,0.0,1148.0,1148.0,0,0,0,0,0,0,0,0,0,0,0,0,0,0,32,32,871.0801393728224,871.0801393728224,41.0,219.0,100.33333333333334,102.7683479157534,10561.333333333334,0,0,0,0,0,0,0,0,1.0,150.5,41.0,219.0,32,0,0,0,0,0,0,1,41,1,219,-1,-1,0,32,0,0,0,0,0,0,0,0,BENIGN
10.42.0.1-10.42.0.42-53-60874-17,10.42.0.42,60874,10.42.0.1,53,17,11/08/2017 10:10:51,715896,1,1,31.0,102.0,31.0,31.0,31.0,0.0,102.0,102.0,102.0,0.0,185.781174919262,2.7937018784851433,715896.0,0.0,715896.0,715896.0,0,0,0,0,0,0,0,0,0,0,0,0,0,0,20,20,1.3968509392425716,1.3968509392425716,31.0,102.0,54.66666666666667,40.991869112463434,1680.3333333333335,0,0,0,0,0,0,0,0,1.0,82.0,31.0,102.0,20,0,0,0,0,0,0,1,31,1,102,-1,-1,0,20,0,0,0,0,0,0,0,0,BENIGN
10.42.0.42-36.110.210.167-33836-80-6,10.42.0.42,33836,36.110.210.167,80,6,11/08/2017 10:10:52,13671,1,1,0.0,0.0,0.0,0.0,0.0,0.0,0.0,0.0,0.0,0.0,0.0,146.2950771706532,13671.0,0.0,13671.0,13671.0,0,0,0,0,0,0,0,0,0,0,0,0,0,0,32,20,73.1475385853266,73.1475385853266,0.0,0.0,0.0,0.0,0.0,0,0,0,0,1,0,0,0,1.0,0.0,0.0,0.0,32,0,0,0,0,0,0,1,0,1,0,1386,123,0,32,0,0,0,0,0,0,0,0,BENIGN
180.76.147.97-10.42.0.42-80-57853-6,180.76.147.97,80,10.42.0.42,57853,6,11/08/2017 10:11:02,27045,1,1,0.0,0.0,0.0,0.0,0.0,0.0,0.0,0.0,0.0,0.0,0.0,73.95082270290257,27045.0,0.0,27045.0,27045.0,0,0,0,0,0,0,0,0,0,0,0,0,0,0,32,32,36.975411351451285,36.975411351451285,0.0,0.0,0.0,0.0,0.0,0,0,0,0,1,1,0,0,1.0,0.0,0.0,0.0,32,0,0,0,0,0,0,1,0,1,0,400,1369,0,32,0,0,0,0,0,0,0,0,BENIGN
206.126.112.141-10.42.0.42-443-49491-6,206.126.112.141,443,10.42.0.42,49491,6,11/08/2017 09:45:14,28155,2,0,0.0,0.0,0.0,0.0,0.0,0.0,0,0,0,0,0.0,71.03534008169065,28155.0,0.0,28155.0,28155.0,28155.0,28155.0,0.0,28155.0,28155.0,0,0,0,0,0,0,0,0,0,64,0,71.03534008169065,0.0,0.0,0.0,0.0,0.0,0.0,0,0,0,0,1,0,0,0,0.0,0.0,0.0,0.0,64,0,0,0,0,0,0,2,0,0,0,123,-1,0,32,0,0,0,0,0,0,0,0,BENIGN
10.42.0.1-10.42.0.42-53-31296-17,10.42.0.42,31296,10.42.0.1,53,17,11/08/2017 09:45:12,31496,1,1,35.0,51.0,35.0,35.0,35.0,0.0,51.0,51.0,51.0,0.0,2730.505461010922,63.500127000254,31496.0,0.0,31496.0,31496.0,0,0,0,0,0,0,0,0,0,0,0,0,0,0,32,32,31.750063500127,31.750063500127,35.0,51.0,40.333333333333336,9.237604307034012,85.33333333333333,0,0,0,0,0,0,0,0,1.0,60.5,35.0,51.0,32,0,0,0,0,0,0,1,35,1,51,-1,-1,0,32,0,0,0,0,0,0,0,0,BENIGN
10.42.0.1-10.42.0.42-53-19962-17,10.42.0.42,19962,10.42.0.1,53,17,11/08/2017 10:10:50,98217,1,1,39.0,103.0,39.0,39.0,39.0,0.0,103.0,103.0,103.0,0.0,1445.778225765397,20.363073602329536,98217.0,0.0,98217.0,98217.0,0,0,0,0,0,0,0,0,0,0,0,0,0,0,20,40,10.181536801164768,10.181536801164768,39.0,103.0,60.33333333333333,36.95041722813605,1365.3333333333333,0,0,0,0,0,0,0,0,1.0,90.5,39.0,103.0,20,0,0,0,0,0,0,1,39,1,103,-1,-1,0,20,0,0,0,0,0,0,0,0,BENIGN
10.42.0.42-23.206.125.17-40957-80-6,10.42.0.42,40957,23.206.125.17,80,6,11/08/2017 10:18:55,175451,2,0,0.0,0.0,0.0,0.0,0.0,0.0,0,0,0,0,0.0,11.399194076978757,175451.0,0.0,175451.0,175451.0,175451.0,175451.0,0.0,175451.0,175451.0,0,0,0,0,0,0,0,0,0,64,0,11.399194076978757,0.0,0.0,0.0,0.0,0.0,0.0,0,0,0,0,1,1,0,0,0.0,0.0,0.0,0.0,64,0,0,0,0,0,0,2,0,0,0,939,-1,0,32,0,0,0,0,0,0,0,0,BENIGN
10.42.0.1-10.42.0.42-53-60268-17,10.42.0.42,60268,10.42.0.1,53,17,11/08/2017 10:10:36,31984,1,1,33.0,65.0,33.0,33.0,33.0,0.0,65.0,65.0,65.0,0.0,3064.032016008004,62.531265632816414,31984.0,0.0,31984.0,31984.0,0,0,0,0,0,0,0,0,0,0,0,0,0,0,32,32,31.265632816408207,31.265632816408207,33.0,65.0,43.666666666666664,18.475208614068023,341.3333333333333,0,0,0,0,0,0,0,0,1.0,65.5,33.0,65.0,32,0,0,0,0,0,0,1,33,1,65,-1,-1,0,32,0,0,0,0,0,0,0,0,BENIGN
180.163.255.159-10.42.0.42-80-36545-6,10.42.0.42,36545,180.163.255.159,80,6,11/08/2017 10:11:00,344650,1,1,0.0,0.0,0.0,0.0,0.0,0.0,0.0,0.0,0.0,0.0,0.0,5.802988539097635,344650.0,0.0,344650.0,344650.0,0,0,0,0,0,0,0,0,0,0,0,0,0,0,20,20,2.9014942695488175,2.9014942695488175,0.0,0.0,0.0,0.0,0.0,0,0,0,0,1,1,0,0,1.0,0.0,0.0,0.0,20,0,0,0,0,0,0,1,0,1,0,1386,0,0,20,0,0,0,0,0,0,0,0,BENIGN
173.194.66.188-10.42.0.42-5228-37840-6,10.42.0.42,37840,173.194.66.188,5228,6,11/08/2017 10:08:30,5899,2,0,23.0,0.0,23.0,0.0,11.5,16.263455967290593,0,0,0,0,3898.965926428208,339.04051534158333,5899.0,0.0,5899.0,5899.0,5899.0,5899.0,0.0,5899.0,5899.0,0,0,0,0,0,1,0,0,0,52,0,339.04051534158333,0.0,0.0,23.0,15.333333333333332,13.279056191361393,176.33333333333334,0,1,0,0,1,0,0,0,0.0,23.0,11.5,0.0,52,0,0,0,0,0,0,2,23,0,0,215,-1,0,20,0,0,0,0,0,0,0,0,BENIGN
172.217.10.112-10.42.0.42-443-55613-6,10.42.0.42,55613,172.217.10.112,443,6,11/08/2017 10:14:49,109491,2,0,0.0,0.0,0.0,0.0,0.0,0.0,0,0,0,0,0.0,18.266341525787507,109491.0,0.0,109491.0,109491.0,109491.0,109491.0,0.0,109491.0,109491.0,0,0,0,0,0,0,0,0,0,64,0,18.266341525787507,0.0,0.0,0.0,0.0,0.0,0.0,0,0,0,0,1,1,0,0,0.0,0.0,0.0,0.0,64,0,0,0,0,0,0,2,0,0,0,195,-1,0,32,0,0,0,0,0,0,0,0,BENIGN
10.42.0.1-10.42.0.42-53-65090-17,10.42.0.42,65090,10.42.0.1,53,17,11/08/2017 10:08:48,31449,1,1,51.0,215.0,51.0,51.0,51.0,0.0,215.0,215.0,215.0,0.0,8458.138573563549,63.595026868898856,31449.0,0.0,31449.0,31449.0,0,0,0,0,0,0,0,0,0,0,0,0,0,0,32,32,31.797513434449428,31.797513434449428,51.0,215.0,105.66666666666666,94.68544414709862,8965.333333333332,0,0,0,0,0,0,0,0,1.0,158.5,51.0,215.0,32,0,0,0,0,0,0,1,51,1,215,-1,-1,0,32,0,0,0,0,0,0,0,0,BENIGN
10.42.0.1-10.42.0.42-5351-37012-17,10.42.0.42,37012,10.42.0.1,5351,17,11/08/2017 10:09:21,1894040,4,0,48.0,0.0,12.0,12.0,12.0,0.0,0,0,0,0,25.342653798230238,2.1118878165191868,631346.6666666666,390832.12387460336,1052183.0,279782.0,1894040.0,631346.6666666666,390832.12387460336,1052183.0,279782.0,0,0,0,0,0,0,0,0,0,128,0,2.1118878165191868,0.0,12.0,12.0,12.0,0.0,0.0,0,0,0,0,0,0,0,0,0.0,15.0,12.0,0.0,128,0,0,0,0,0,0,4,48,0,0,-1,-1,3,32,0,0,0,0,0,0,0,0,BENIGN
10.42.0.1-10.42.0.42-53-51759-17,10.42.0.42,51759,10.42.0.1,53,17,11/08/2017 10:10:48,48434,1,1,35.0,51.0,35.0,35.0,35.0,0.0,51.0,51.0,51.0,0.0,1775.6121732667136,41.29330635503985,48434.0,0.0,48434.0,48434.0,0,0,0,0,0,0,0,0,0,0,0,0,0,0,40,20,20.646653177519926,20.646653177519926,35.0,51.0,40.333333333333336,9.237604307034012,85.33333333333333,0,0,0,0,0,0,0,0,1.0,60.5,35.0,51.0,40,0,0,0,0,0,0,1,35,1,51,-1,-1,0,40,0,0,0,0,0,0,0,0,BENIGN
10.42.0.42-23.206.125.17-40985-80-6,10.42.0.42,40985,23.206.125.17,80,6,11/08/2017 10:18:56,38311,2,0,0.0,0.0,0.0,0.0,0.0,0.0,0,0,0,0,0.0,52.20432773876955,38311.0,0.0,38311.0,38311.0,38311.0,38311.0,0.0,38311.0,38311.0,0,0,0,0,0,0,0,0,0,64,0,52.20432773876955,0.0,0.0,0.0,0.0,0.0,0.0,0,0,0,0,1,1,0,0,0.0,0.0,0.0,0.0,64,0,0,0,0,0,0,2,0,0,0,939,-1,0,32,0,0,0,0,0,0,0,0,BENIGN
10.42.0.1-10.42.0.42-35437-5351-17,10.42.0.1,35437,10.42.0.42,5351,17,11/08/2017 10:08:48,1805838,4,0,48.0,0.0,12.0,12.0,12.0,0.0,0,0,0,0,26.58045738322042,2.2150381152683685,601946.0,375507.7943811553,996482.0,248915.0,1805838.0,601946.0,375507.7943811553,996482.0,248915.0,0,0,0,0,0,0,0,0,0,128,0,2.2150381152683685,0.0,12.0,12.0,12.0,0.0,0.0,0,0,0,0,0,0,0,0,0.0,15.0,12.0,0.0,128,0,0,0,0,0,0,4,48,0,0,-1,-1,3,32,0,0,0,0,0,0,0,0,BENIGN
10.42.0.1-10.42.0.42-53-28587-17,10.42.0.42,28587,10.42.0.1,53,17,11/08/2017 10:10:45,61536,1,1,32.0,217.0,32.0,32.0,32.0,0.0,217.0,217.0,217.0,0.0,4046.411856474259,32.50130005200208,61536.0,0.0,61536.0,61536.0,0,0,0,0,0,0,0,0,0,0,0,0,0,0,20,20,16.25065002600104,16.25065002600104,32.0,217.0,93.66666666666666,106.80979980008077,11408.333333333332,0,0,0,0,0,0,0,0,1.0,140.5,32.0,217.0,20,0,0,0,0,0,0,1,32,1,217,-1,-1,0,20,0,0,0,0,0,0,0,0,BENIGN
10.42.0.1-10.42.0.42-53-39143-17,10.42.0.42,39143,10.42.0.1,53,17,11/08/2017 10:10:41,61704,1,1,35.0,82.0,35.0,35.0,35.0,0.0,82.0,82.0,82.0,0.0,1896.149358226371,32.412809542331125,61704.0,0.0,61704.0,61704.0,0,0,0,0,0,0,0,0,0,0,0,0,0,0,20,20,16.206404771165563,16.206404771165563,35.0,82.0,50.666666666666664,27.13546265191241,736.3333333333333,0,0,0,0,0,0,0,0,1.0,76.0,35.0,82.0,20,0,0,0,0,0,0,1,35,1,82,-1,-1,0,20,0,0,0,0,0,0,0,0,BENIGN
10.42.0.1-10.42.0.42-53-41178-17,10.42.0.42,41178,10.42.0.1,53,17,11/08/2017 10:10:42,61102,1,1,35.0,84.0,35.0,35.0,35.0,0.0,84.0,84.0,84.0,0.0,1947.56309122451,32.732152793689245,61102.0,0.0,61102.0,61102.0,0,0,0,0,0,0,0,0,0,0,0,0,0,0,20,40,16.366076396844623,16.366076396844623,35.0,84.0,51.33333333333333,28.29016319029166,800.3333333333333,0,0,0,0,0,0,0,0,1.0,77.0,35.0,84.0,20,0,0,0,0,0,0,1,35,1,84,-1,-1,0,20,0,0,0,0,0,0,0,0,BENIGN
10.42.0.1-10.42.0.42-53-42750-17,10.42.0.42,42750,10.42.0.1,53,17,11/08/2017 10:10:36,32303,1,1,34.0,179.0,34.0,34.0,34.0,0.0,179.0,179.0,179.0,0.0,6593.814815961367,61.91375414048231,32303.0,0.0,32303.0,32303.0,0,0,0,0,0,0,0,0,0,0,0,0,0,0,20,20,30.956877070241156,30.956877070241156,34.0,179.0,82.33333333333334,83.71578903249574,7008.333333333334,0,0,0,0,0,0,0,0,1.0,123.5,34.0,179.0,20,0,0,0,0,0,0,1,34,1,179,-1,-1,0,20,0,0,0,0,0,0,0,0,BENIGN
10.42.0.1-10.42.0.42-53-64442-17,10.42.0.42,64442,10.42.0.1,53,17,11/08/2017 10:10:35,61971,1,1,29.0,67.0,29.0,29.0,29.0,0.0,67.0,67.0,67.0,0.0,1549.1116812702717,32.27316002646399,61971.0,0.0,61971.0,61971.0,0,0,0,0,0,0,0,0,0,0,0,0,0,0,32,20,16.136580013231995,16.136580013231995,29.0,67.0,41.666666666666664,21.939310229205777,481.3333333333333,0,0,0,0,0,0,0,0,1.0,62.5,29.0,67.0,32,0,0,0,0,0,0,1,29,1,67,-1,-1,0,32,0,0,0,0,0,0,0,0,BENIGN
10.42.0.1-10.42.0.42-53-32322-17,10.42.0.42,32322,10.42.0.1,53,17,11/08/2017 10:10:36,838005,1,1,33.0,178.0,33.0,33.0,33.0,0.0,178.0,178.0,178.0,0.0,251.78847381578868,2.3866206048889924,838005.0,0.0,838005.0,838005.0,0,0,0,0,0,0,0,0,0,0,0,0,0,0,32,20,1.1933103024444962,1.1933103024444962,33.0,178.0,81.33333333333334,83.71578903249574,7008.333333333334,0,0,0,0,0,0,0,0,1.0,122.0,33.0,178.0,32,0,0,0,0,0,0,1,33,1,178,-1,-1,0,32,0,0,0,0,0,0,0,0,BENIGN
10.42.0.1-10.42.0.42-53-40844-17,10.42.0.42,40844,10.42.0.1,53,17,11/08/2017 10:10:50,427476,1,1,41.0,133.0,41.0,41.0,41.0,0.0,133.0,133.0,133.0,0.0,407.0403952502596,4.678625232761605,427476.0,0.0,427476.0,427476.0,0,0,0,0,0,0,0,0,0,0,0,0,0,0,32,32,2.3393126163808025,2.3393126163808025,41.0,133.0,71.66666666666667,53.11622476544557,2821.3333333333335,0,0,0,0,0,0,0,0,1.0,107.5,41.0,133.0,32,0,0,0,0,0,0,1,41,1,133,-1,-1,0,32,0,0,0,0,0,0,0,0,BENIGN
140.205.250.8-10.42.0.42-443-35903-6,140.205.250.8,443,10.42.0.42,35903,6,11/08/2017 10:10:51,4319,1,1,0.0,0.0,0.0,0.0,0.0,0.0,0.0,0.0,0.0,0.0,0.0,463.070155128502,4319.0,0.0,4319.0,4319.0,0,0,0,0,0,0,0,0,0,0,0,0,0,0,20,20,231.535077564251,231.535077564251,0.0,0.0,0.0,0.0,0.0,0,0,0,0,1,1,0,0,1.0,0.0,0.0,0.0,20,0,0,0,0,0,0,1,0,1,0,16383,65535,0,20,0,0,0,0,0,0,0,0,BENIGN
10.42.0.42-108.177.112.95-36829-443-6,10.42.0.42,36829,108.177.112.95,443,6,11/08/2017 10:18:24,100118,2,0,0.0,0.0,0.0,0.0,0.0,0.0,0,0,0,0,0.0,19.97642781517809,100118.0,0.0,100118.0,100118.0,100118.0,100118.0,0.0,100118.0,100118.0,0,0,0,0,0,0,0,0,0,64,0,19.97642781517809,0.0,0.0,0.0,0.0,0.0,0.0,0,0,0,0,1,1,0,0,0.0,0.0,0.0,0.0,64,0,0,0,0,0,0,2,0,0,0,176,-1,0,32,0,0,0,0,0,0,0,0,BENIGN
172.217.12.174-10.42.0.42-443-46207-6,172.217.12.174,443,10.42.0.42,46207,6,11/08/2017 09:47:30,225431,1,1,0.0,0.0,0.0,0.0,0.0,0.0,0.0,0.0,0.0,0.0,0.0,8.87189428250773,225431.0,0.0,225431.0,225431.0,0,0,0,0,0,0,0,0,0,0,0,0,0,0,32,32,4.435947141253865,4.435947141253865,0.0,0.0,0.0,0.0,0.0,0,0,0,0,1,1,0,0,1.0,0.0,0.0,0.0,32,0,0,0,0,0,0,1,0,1,0,181,1549,0,32,0,0,0,0,0,0,0,0,BENIGN
219.142.78.162-10.42.0.42-80-52871-6,10.42.0.42,52871,219.142.78.162,80,6,11/08/2017 10:10:40,256010,1,1,0.0,0.0,0.0,0.0,0.0,0.0,0.0,0.0,0.0,0.0,0.0,7.812194836139213,256010.0,0.0,256010.0,256010.0,0,0,0,0,0,0,0,0,0,0,0,0,0,0,20,20,3.9060974180696064,3.9060974180696064,0.0,0.0,0.0,0.0,0.0,0,0,0,0,1,1,0,0,1.0,0.0,0.0,0.0,20,0,0,0,0,0,0,1,0,1,0,1386,126,0,20,0,0,0,0,0,0,0,0,BENIGN
219.142.78.162-10.42.0.42-80-52928-6,10.42.0.42,52928,219.142.78.162,80,6,11/08/2017 10:10:43,255009,1,1,0.0,0.0,0.0,0.0,0.0,0.0,0.0,0.0,0.0,0.0,0.0,7.842860448062618,255009.0,0.0,255009.0,255009.0,0,0,0,0,0,0,0,0,0,0,0,0,0,0,20,20,3.921430224031309,3.921430224031309,0.0,0.0,0.0,0.0,0.0,0,0,0,0,1,1,0,0,1.0,0.0,0.0,0.0,20,0,0,0,0,0,0,1,0,1,0,1386,126,0,20,0,0,0,0,0,0,0,0,BENIGN
10.42.0.1-10.42.0.42-53-57570-17,10.42.0.42,57570,10.42.0.1,53,17,11/08/2017 10:10:40,1945355,1,1,29.0,70.0,29.0,29.0,29.0,0.0,70.0,70.0,70.0,0.0,50.89045444147727,1.0280899887167123,1945355.0,0.0,1945355.0,1945355.0,0,0,0,0,0,0,0,0,0,0,0,0,0,0,20,40,0.5140449943583562,0.5140449943583562,29.0,70.0,42.666666666666664,23.671361036774655,560.3333333333333,0,0,0,0,0,0,0,0,1.0,64.0,29.0,70.0,20,0,0,0,0,0,0,1,29,1,70,-1,-1,0,20,0,0,0,0,0,0,0,0,BENIGN
